current_time,t_ms,raw_flow,flow_Lmin,raw_press,press_MPa,pwm1_cur,pwm2_cur,pwm3_cur
16:56:54,28950,208,0.314,221,0.0190,0,0,0
16:56:54,29000,208,0.314,221,0.0190,0,0,0
16:56:54,29050,209,0.435,223,0.0214,0,0,0
16:56:54,8,0.314,222,0.0202,0,0,0
16:56:54,28950,208,0.314,221,0.0190,0,0,0
16:56:54,29000,208,0.314,221,0.0190,0,0,0
16:56:54,29050,209,0.435,223,0.0214,0,0,0
16:56:54,8,0.314,222,0.0202,0,0,0
16:56:54,28950,208,0.314,221,0.0190,0,0,0
16:56:54,29000,208,0.314,221,0.0190,0,0,0
16:56:54,29050,209,0.435,223,0.0214,0,0,0
16:56:54,50,206,0.070,220,0.0177,0,0,0
16:56:54,100,206,0.070,222,0.0202,0,0,0
16:56:54,150,206,0.070,221,0.0190,0,0,0
16:56:54,200,206,0.070,221,0.0190,0,0,0
16:56:54,250,206,0.070,222,0.0202,0,0,0
16:56:54,300,207,0.192,221,0.0190,0,0,0
16:56:54,350,209,0.435,221,0.0190,0,0,0
16:56:54,400,206,0.070,221,0.0190,0,0,0
16:56:55,450,206,0.070,222,0.0202,0,0,0
16:56:55,500,207,0.192,221,0.0190,0,0,0
16:56:55,550,206,0.070,221,0.0190,0,0,0
16:56:55,600,208,0.314,220,0.0177,0,0,0
16:56:55,650,208,0.314,222,0.0202,0,0,0
16:56:55,700,208,0.314,221,0.0190,0,0,0
16:56:55,750,208,0.314,221,0.0190,0,0,0
16:56:55,800,206,0.070,221,0.0190,0,0,0
16:56:55,850,206,0.070,222,0.0202,0,0,0
16:56:55,900,208,0.314,221,0.0190,0,0,0
16:56:55,950,208,0.314,221,0.0190,0,0,0
16:56:55,1000,208,0.314,221,0.0190,0,0,0
16:56:55,1050,208,0.314,222,0.0202,0,0,0
16:56:55,1100,209,0.435,221,0.0190,0,0,0
16:56:55,1150,206,0.070,221,0.0190,0,0,0
16:56:55,1200,207,0.192,222,0.0202,0,0,0
16:56:55,1250,208,0.314,222,0.0202,0,0,0
16:56:55,1300,208,0.314,221,0.0190,0,0,0
16:56:55,1350,208,0.314,222,0.0202,0,0,0
16:56:55,1400,208,0.314,222,0.0202,0,0,0
16:56:56,1451,208,0.314,222,0.0202,0,0,0
16:56:56,1500,207,0.192,221,0.0190,0,0,0
16:56:56,1550,208,0.314,221,0.0190,0,0,0
16:56:56,1600,208,0.314,221,0.0190,0,0,0
16:56:56,1650,208,0.314,222,0.0202,0,0,0
16:56:56,1700,209,0.435,221,0.0190,0,0,0
16:56:56,1750,206,0.070,221,0.0190,0,0,0
16:56:56,1800,207,0.192,222,0.0202,0,0,0
16:56:56,1850,206,0.070,222,0.0202,0,0,0
16:56:56,1900,209,0.435,221,0.0190,0,0,0
16:56:56,1950,208,0.314,221,0.0190,0,0,0
16:56:56,2000,208,0.314,221,0.0190,0,0,0
16:56:56,2050,206,0.070,221,0.0190,0,0,0
16:56:56,2100,206,0.070,221,0.0190,0,0,0
16:56:56,2150,207,0.192,221,0.0190,0,0,0
16:56:56,2200,207,0.192,222,0.0202,0,0,0
16:56:56,2250,207,0.192,221,0.0190,0,0,0
16:56:56,2300,209,0.435,221,0.0190,0,0,0
16:56:56,2350,206,0.070,222,0.0202,0,0,0
16:56:56,2400,207,0.192,222,0.0202,0,0,0
16:56:57,2450,206,0.070,221,0.0190,0,0,0
16:56:57,2500,206,0.070,222,0.0202,0,0,0
16:56:57,2550,207,0.192,221,0.0190,0,0,0
16:56:57,2600,206,0.070,222,0.0202,0,0,0
16:56:57,2650,207,0.192,221,0.0190,0,0,0
16:56:57,2700,207,0.192,222,0.0202,0,0,0
16:56:57,2750,206,0.070,222,0.0202,0,0,0
16:56:57,2800,207,0.192,222,0.0202,0,0,0
16:56:57,2850,206,0.070,221,0.0190,0,0,0
16:56:57,2900,207,0.192,221,0.0190,0,0,0
16:56:57,2950,208,0.314,222,0.0202,0,0,0
16:56:57,3000,206,0.070,222,0.0202,0,0,0
16:56:57,3050,206,0.070,221,0.0190,0,0,0
16:56:57,3100,206,0.070,221,0.0190,0,0,0
16:56:57,3150,206,0.070,222,0.0202,0,0,0
16:56:57,3200,208,0.314,222,0.0202,0,0,0
16:56:57,3250,208,0.314,221,0.0190,0,0,0
16:56:57,3300,208,0.314,221,0.0190,0,0,0
16:56:57,3350,208,0.314,222,0.0202,0,0,0
16:56:57,3400,206,0.070,222,0.0202,143,145,143
16:56:58,3450,206,0.070,221,0.0190,143,145,143
16:56:58,3500,161,0.000,170,0.0000,144,146,144
16:56:58,3550,208,0.314,222,0.0202,144,146,144
16:56:58,3600,157,0.000,167,0.0000,144,146,144
16:56:58,3650,208,0.314,222,0.0202,144,146,144
16:56:58,3700,153,0.000,162,0.0000,144,146,144
16:56:58,3750,206,0.070,172,0.0000,144,146,144
16:56:58,3800,159,0.000,169,0.0000,144,146,144
16:56:58,3850,208,0.314,221,0.0190,144,146,144
16:56:58,3900,156,0.000,164,0.0000,144,146,144
16:56:58,3950,208,0.314,222,0.0202,144,146,144
16:56:58,4000,151,0.000,161,0.0000,144,146,144
16:56:58,4050,160,0.000,169,0.0000,144,146,144
16:56:58,4100,156,0.000,167,0.0000,144,146,144
16:56:58,4150,208,0.314,222,0.0202,144,146,144
16:56:58,4200,154,0.000,162,0.0000,144,146,144
16:56:58,4250,208,0.314,222,0.0202,144,146,144
16:56:58,4300,150,0.000,221,0.0190,144,146,144
16:56:58,4350,158,0.000,168,0.0000,144,146,144
16:56:58,4400,154,0.000,165,0.0000,144,146,144
16:56:59,4450,206,0.070,221,0.0190,144,146,144
16:56:59,4500,151,0.000,161,0.0000,144,146,144
16:56:59,4550,162,0.000,171,0.0000,144,146,144
16:56:59,4600,208,0.314,222,0.0202,144,146,144
16:56:59,4651,156,0.000,166,0.0000,144,146,144
16:56:59,4700,152,0.000,163,0.0000,144,146,144
16:56:59,4750,206,0.070,222,0.0202,144,146,144
16:56:59,4800,148,0.000,160,0.0000,144,146,144
16:56:59,4850,159,0.000,168,0.0000,144,146,144
16:56:59,4900,208,0.314,221,0.0190,145,147,145
16:56:59,4950,206,0.070,223,0.0214,145,147,145
16:56:59,5000,150,0.000,162,0.0000,145,147,145
16:56:59,5050,206,0.070,171,0.0000,145,147,145
16:56:59,5100,205,0.000,222,0.0202,145,147,145
16:56:59,5150,155,0.000,167,0.0000,145,147,145
16:56:59,5200,208,0.314,222,0.0202,145,147,145
16:56:59,5250,206,0.070,221,0.0190,145,147,145
16:56:59,5300,149,0.000,160,0.0000,145,147,145
16:56:59,5350,159,0.000,171,0.0000,145,147,145
16:56:59,5400,209,0.435,225,0.0238,145,147,145
16:57:00,5450,157,0.000,168,0.0000,145,147,145
16:57:00,5500,211,0.679,226,0.0250,145,147,145
16:57:00,5550,215,1.166,228,0.0275,145,147,145
16:57:00,5600,155,0.000,228,0.0275,145,147,145
16:57:00,5650,165,0.000,175,0.0000,145,147,145
16:57:00,5700,215,1.166,230,0.0299,145,147,145
16:57:00,5750,162,0.000,171,0.0000,145,147,145
16:57:00,5800,217,1.409,231,0.0311,145,147,145
16:57:00,5850,16,0.000,179,0.0000,145,147,145
16:57:00,5900,220,1.774,232,0.0323,145,147,145
16:57:00,5950,167,0.000,175,0.0000,145,147,145
16:57:00,6000,220,1.774,233,0.0336,145,147,145
16:57:00,6050,164,0.000,172,0.0000,145,147,145
16:57:00,6100,203,0.000,181,0.0000,145,147,145
16:57:00,6150,173,0.000,179,0.0000,145,147,145
16:57:00,6200,223,2.139,232,0.0323,145,147,145
16:57:00,6250,169,0.000,176,0.0000,145,147,145
16:57:00,6300,221,1.896,234,0.0348,145,147,145
16:57:00,6350,164,0.000,172,0.0000,145,147,145
16:57:00,6400,224,2.261,234,0.0348,146,148,146
16:57:01,6450,173,0.000,179,0.0000,146,148,146
16:57:01,6500,225,2.383,235,0.0360,146,148,146
16:57:01,6550,168,0.000,174,0.0000,146,148,146
16:57:01,6600,225,2.383,184,0.0000,146,148,146
16:57:01,6650,163,0.000,234,0.0348,146,148,146
16:57:01,6700,225,2.383,236,0.0372,146,148,146
16:57:01,6750,171,0.000,176,0.0000,146,148,146
16:57:01,6800,226,2.504,235,0.0360,146,148,146
16:57:01,6850,167,0.000,173,0.0000,146,148,146
16:57:01,6900,176,0.000,182,0.0000,146,148,146
16:57:01,6950,226,2.504,235,0.0360,146,148,146
16:57:01,7000,223,2.139,235,0.0360,146,148,146
16:57:01,7050,170,0.000,176,0.0000,146,148,146
16:57:01,7100,226,2.504,236,0.0372,146,148,146
16:57:01,7150,167,0.000,171,0.0000,146,148,146
16:57:01,7200,175,0.000,180,0.0000,146,148,146
16:57:01,7250,227,2.626,236,0.0372,146,148,146
16:57:01,7300,224,2.261,237,0.0384,146,148,146
16:57:01,7350,167,0.000,173,0.0000,146,148,146
16:57:01,7400,226,2.504,183,0.0000,146,148,146
16:57:02,7450,164,0.000,235,0.0360,146,148,146
16:57:02,7500,172,0.000,179,0.0000,146,148,146
16:57:02,7550,226,2.504,235,0.0360,146,148,146
16:57:02,7600,224,2.261,234,0.0348,146,148,146
16:57:02,7650,164,0.000,173,0.0000,146,148,146
16:57:02,7700,174,0.000,182,0.0000,146,148,146
16:57:02,7750,226,2.504,236,0.0372,146,148,146
16:57:02,7800,170,0.000,176,0.0000,146,148,146
16:57:02,7851,226,2.504,236,0.0372,146,148,146
16:57:02,7900,224,2.261,184,0.0000,147,149,147
16:57:02,7950,163,0.000,205,0.0000,147,149,147
16:57:02,8000,171,0.000,178,0.0000,147,149,147
16:57:02,8050,224,2.261,237,0.0384,147,149,147
16:57:02,8100,169,0.000,174,0.0000,147,149,147
16:57:02,8150,164,0.000,171,0.0000,147,149,147
16:57:02,8200,173,0.000,181,0.0000,147,149,147
16:57:02,8250,224,2.261,236,0.0372,147,149,147
16:57:02,8300,167,0.000,174,0.0000,147,149,147
16:57:02,8350,224,2.261,235,0.0360,147,149,147
16:57:02,8400,161,0.000,169,0.0000,147,149,147
16:57:03,8450,161,0.000,166,0.0000,147,149,147
16:57:03,8500,168,0.000,176,0.0000,147,149,147
16:57:03,8550,225,2.383,236,0.0372,147,149,147
16:57:03,8600,164,0.000,172,0.0000,147,149,147
16:57:03,8650,225,2.383,236,0.0372,147,149,147
16:57:03,8700,160,0.000,168,0.0000,147,149,147
16:57:03,8750,160,0.000,237,0.0384,147,149,147
16:57:03,8800,169,0.000,174,0.0000,147,149,147
16:57:03,8850,224,2.261,236,0.0372,147,149,147
16:57:03,8900,162,0.000,169,0.0000,147,149,147
16:57:03,8950,225,2.383,224,0.0226,147,149,147
16:57:03,9000,160,0.000,236,0.0372,147,149,147
16:57:03,9050,227,2.626,235,0.0360,147,149,147
16:57:03,9100,167,0.000,171,0.0000,147,149,147
16:57:03,9150,226,2.504,235,0.0360,147,149,147
16:57:03,9200,161,0.000,169,0.0000,147,149,147
16:57:03,9250,173,0.000,178,0.0000,147,149,147
16:57:03,9300,224,2.261,236,0.0372,147,149,147
16:57:03,9350,227,2.626,236,0.0372,147,149,147
16:57:03,9400,165,0.000,170,0.0000,148,150,148
16:57:04,9450,227,2.626,235,0.0360,148,150,148
16:57:04,9500,161,0.000,165,0.0000,148,150,148
16:57:04,9550,170,0.000,174,0.0000,148,150,148
16:57:04,9600,166,0.000,173,0.0000,148,150,148
16:57:04,9650,226,2.504,235,0.0360,148,150,148
16:57:04,9700,162,0.000,167,0.0000,148,150,148
16:57:04,9750,226,2.504,178,0.0000,148,150,148
16:57:04,9800,224,2.261,236,0.0372,148,150,148
16:57:04,9850,167,0.000,172,0.0000,148,150,148
16:57:04,9900,160,0.000,167,0.0000,148,150,148
16:57:04,9950,226,2.504,236,0.0372,148,150,148
16:57:04,10000,159,0.000,165,0.0000,148,150,148
16:57:04,10050,170,0.000,174,0.0000,148,150,148
16:57:04,10100,226,2.504,235,0.0360,148,150,148
16:57:04,10150,163,0.000,170,0.0000,148,150,148
16:57:04,10200,160,0.000,168,0.0000,148,150,148
16:57:04,10250,224,2.261,235,0.0360,148,150,148
16:57:04,10300,158,0.000,235,0.0360,148,150,148
16:57:04,10350,168,0.000,174,0.0000,148,150,148
16:57:04,10400,226,2.504,236,0.0372,148,150,148
16:57:05,10450,163,0.000,168,0.0000,148,150,148
16:57:05,10500,158,0.000,164,0.0000,148,150,148
16:57:05,10550,176,0.000,177,0.0000,148,150,148
16:57:05,10600,224,2.261,235,0.0360,148,150,148
16:57:05,10650,165,0.000,169,0.0000,148,150,148
16:57:05,10700,227,2.626,235,0.0360,148,150,148
16:57:05,10750,159,0.000,166,0.0000,148,150,148
16:57:05,10800,157,0.000,163,0.0000,148,150,148
16:57:05,10850,167,0.000,172,0.0000,148,150,148
16:57:05,10900,224,2.261,235,0.0360,149,151,149
16:57:05,10950,161,0.000,168,0.0000,149,151,149
16:57:05,11000,226,2.504,235,0.0360,149,151,149
16:57:05,11051,159,0.000,162,0.0000,149,151,149
16:57:05,11100,156,0.000,234,0.0348,149,151,149
16:57:05,11150,167,0.000,175,0.0000,149,151,149
16:57:05,11200,223,2.139,233,0.0336,149,151,149
16:57:05,11250,162,0.000,169,0.0000,149,151,149
16:57:05,11300,222,2.018,179,0.0000,149,151,149
16:57:05,11350,172,0.000,177,0.0000,149,151,149
16:57:05,11400,223,2.139,233,0.0336,149,151,149
16:57:06,11450,165,0.000,171,0.0000,149,151,149
16:57:06,11500,222,2.018,233,0.0336,149,151,149
16:57:06,11550,160,0.000,169,0.0000,149,151,149
16:57:06,11600,169,0.000,176,0.0000,149,151,149
16:57:06,11650,168,0.000,173,0.0000,149,151,149
16:57:06,11700,223,2.139,232,0.0323,149,151,149
16:57:06,11750,162,0.000,170,0.0000,149,151,149
16:57:06,11800,221,1.896,232,0.0323,149,151,149
16:57:06,11850,157,0.000,164,0.0000,149,151,149
16:57:06,11900,165,0.000,172,0.0000,149,151,149
16:57:06,11950,165,0.000,170,0.0000,149,151,149
16:57:06,12000,221,1.896,232,0.0323,149,151,149
16:57:06,12050,161,0.000,166,0.0000,149,151,149
16:57:06,12100,223,2.139,175,0.0000,149,151,149
16:57:06,12150,155,0.000,233,0.0336,149,151,149
16:57:06,12200,162,0.000,170,0.0000,149,151,149
16:57:06,12250,162,0.000,168,0.0000,149,151,149
16:57:06,12300,222,2.018,232,0.0323,149,151,149
16:57:06,12350,155,0.000,161,0.0000,149,151,149
16:57:06,12400,165,0.000,171,0.0000,150,152,150
16:57:07,12450,222,2.018,231,0.0311,150,152,150
16:57:07,12500,160,0.000,168,0.0000,150,152,150
16:57:07,12550,160,0.000,168,0.0000,150,152,150
16:57:07,12600,223,2.139,174,0.0000,150,152,150
16:57:07,12650,156,0.000,162,0.0000,150,152,150
16:57:07,12700,163,0.000,169,0.0000,150,152,150
16:57:07,12750,221,1.896,234,0.0348,150,152,150
16:57:07,12800,219,1.652,234,0.0348,150,152,150
16:57:07,12850,153,0.000,161,0.0000,150,152,150
16:57:07,12900,165,0.000,173,0.0000,150,152,150
16:57:07,12950,220,1.774,234,0.0348,150,152,150
16:57:07,13000,161,0.000,169,0.0000,150,152,150
16:57:07,13050,221,1.896,233,0.0336,150,152,150
16:57:07,13100,218,1.531,233,0.0336,150,152,150
16:57:07,13150,150,0.000,161,0.0000,150,152,150
16:57:07,13200,159,0.000,169,0.0000,150,152,150
16:57:07,13250,220,1.774,232,0.0323,150,152,150
16:57:07,13300,157,0.000,165,0.0000,150,152,150
16:57:07,13350,221,1.896,234,0.0348,150,152,150
16:57:07,13400,218,1.531,174,0.0000,150,152,150
16:57:08,13450,150,0.000,232,0.0323,150,152,150
16:57:08,13500,159,0.000,169,0.0000,150,152,150
16:57:08,13550,218,1.531,233,0.0336,150,152,150
16:57:08,13600,156,0.000,164,0.0000,150,152,150
16:57:08,13650,220,1.774,184,0.0000,150,152,150
16:57:08,13700,160,0.000,171,0.0000,150,152,150
16:57:08,13750,217,1.409,233,0.0336,150,152,150
16:57:08,13800,155,0.000,166,0.0000,150,152,150
16:57:08,13850,218,1.531,232,0.0323,150,152,150
16:57:08,13900,149,0.000,161,0.0000,151,153,151
16:57:08,13950,163,0.000,170,0.0000,151,153,151
16:57:08,14000,157,0.000,167,0.0000,151,153,151
16:57:08,14050,220,1.774,234,0.0348,151,153,151
16:57:08,14100,152,0.000,165,0.0000,151,153,151
16:57:08,14150,220,1.774,235,0.0360,151,153,151
16:57:08,14200,143,0.000,155,0.0000,151,153,151
16:57:08,14251,154,0.000,164,0.0000,151,153,151
16:57:08,14300,152,0.000,163,0.0000,151,153,151
16:57:08,14350,220,1.774,235,0.0360,151,153,151
16:57:08,14400,150,0.000,161,0.0000,151,153,151
16:57:09,14450,219,1.652,169,0.0000,151,153,151
16:57:09,14500,171,0.000,236,0.0372,151,153,151
16:57:09,14550,222,2.018,235,0.0360,151,153,151
16:57:09,14600,163,0.000,172,0.0000,151,153,151
16:57:09,14650,222,2.018,236,0.0372,151,153,151
16:57:09,14700,157,0.000,168,0.0000,151,153,151
16:57:09,14750,166,0.000,178,0.0000,151,153,151
16:57:09,14800,220,1.774,237,0.0384,151,153,151
16:57:09,14850,222,2.018,237,0.0384,151,153,151
16:57:09,14900,160,0.000,170,0.0000,151,153,151
16:57:09,14950,223,2.139,236,0.0372,151,153,151
16:57:09,15000,145,0.000,235,0.0360,151,153,151
16:57:09,15050,154,0.000,165,0.0000,151,153,151
16:57:09,15100,220,1.774,236,0.0372,151,153,151
16:57:09,15150,222,2.018,234,0.0348,151,153,151
16:57:09,15200,150,0.000,160,0.0000,151,153,151
16:57:09,15250,164,0.000,171,0.0000,151,153,151
16:57:09,15300,222,2.018,237,0.0384,151,153,151
16:57:09,15350,165,0.000,174,0.0000,151,153,151
16:57:09,15400,221,1.896,236,0.0372,152,154,152
16:57:10,15450,222,2.018,236,0.0372,152,154,152
16:57:10,15500,159,0.000,170,0.0000,152,154,152
16:57:10,15550,168,0.000,178,0.0000,152,154,152
16:57:10,15600,224,2.261,237,0.0384,152,154,152
16:57:10,15650,164,0.000,175,0.0000,152,154,152
16:57:10,15700,224,2.261,239,0.0409,152,154,152
16:57:10,15750,222,2.018,182,0.0000,152,154,152
16:57:10,15800,158,0.000,239,0.0409,152,154,152
16:57:10,15850,166,0.000,177,0.0000,152,154,152
16:57:10,15900,224,2.261,239,0.0409,152,154,152
16:57:10,15950,161,0.000,172,0.0000,152,154,152
16:57:10,16000,158,0.000,171,0.0000,152,154,152
16:57:10,16050,168,0.000,181,0.0000,152,154,152
16:57:10,16100,222,2.018,240,0.0421,152,154,152
16:57:10,16150,165,0.000,175,0.0000,152,154,152
16:57:10,16200,224,2.261,238,0.0396,152,154,152
16:57:10,16250,160,0.000,171,0.0000,152,154,152
16:57:10,16300,155,0.000,169,0.0000,152,154,152
16:57:10,16350,164,0.000,176,0.0000,152,154,152
16:57:10,16400,222,2.018,238,0.0396,152,154,152
16:57:11,16450,152,0.000,165,0.0000,152,154,152
16:57:11,16500,224,2.261,241,0.0433,152,154,152
16:57:11,16550,151,0.000,161,0.0000,152,154,152
16:57:11,16600,222,2.018,238,0.0396,152,154,152
16:57:11,16650,162,0.000,175,0.0000,152,154,152
16:57:11,16700,222,2.018,240,0.0421,152,154,152
16:57:11,16750,161,0.000,174,0.0000,152,154,152
16:57:11,16800,210,0.557,182,0.0000,152,154,152
16:57:11,16850,158,0.000,239,0.0409,152,154,152
16:57:11,16900,221,1.896,239,0.0409,153,155,153
16:57:11,16950,163,0.000,176,0.0000,153,155,153
16:57:11,17000,223,2.139,239,0.0409,153,155,153
16:57:11,17050,161,0.000,174,0.0000,153,155,153
16:57:11,17100,170,0.000,182,0.0000,153,155,153
16:57:11,17150,225,2.383,241,0.0433,153,155,153
16:57:11,17200,227,2.626,241,0.0433,153,155,153
16:57:11,17250,165,0.000,177,0.0000,153,155,153
16:57:11,17300,226,2.504,186,0.0000,153,155,153
16:57:11,17350,161,0.000,173,0.0000,153,155,153
16:57:11,17400,168,0.000,180,0.0000,153,155,153
16:57:12,17451,225,2.383,241,0.0433,153,155,153
16:57:12,17500,227,2.626,241,0.0433,153,155,153
16:57:12,17550,166,0.000,174,0.0000,153,155,153
16:57:12,17600,173,0.000,184,0.0000,153,155,153
16:57:12,17650,226,2.504,241,0.0433,153,155,153
16:57:12,17700,164,0.000,177,0.0000,153,155,153
16:57:12,17750,165,0.000,175,0.0000,153,155,153
16:57:12,17800,226,2.504,242,0.0445,153,155,153
16:57:12,17850,161,0.000,173,0.0000,153,155,153
16:57:12,17900,170,0.000,181,0.0000,153,155,153
16:57:12,17950,226,2.504,241,0.0433,153,155,153
16:57:12,18000,162,0.000,176,0.0000,153,155,153
16:57:12,18050,157,0.000,168,0.0000,153,155,153
16:57:12,18100,225,2.383,182,0.0000,153,155,153
16:57:12,18150,159,0.000,241,0.0433,153,155,153
16:57:12,18200,166,0.000,177,0.0000,153,155,153
16:57:12,18250,225,2.383,241,0.0433,153,155,153
16:57:12,18300,159,0.000,171,0.0000,153,155,153
16:57:12,18350,156,0.000,170,0.0000,153,155,153
16:57:12,18400,166,0.000,176,0.0000,154,156,154
16:57:13,18450,226,2.504,242,0.0445,154,156,154
16:57:13,18500,162,0.000,173,0.0000,154,156,154
16:57:13,18550,227,2.626,244,0.0470,154,156,154
16:57:13,18600,159,0.000,171,0.0000,154,156,154
16:57:13,18650,156,0.000,168,0.0000,154,156,154
16:57:13,18700,168,0.000,179,0.0000,154,156,154
16:57:13,18750,228,2.748,243,0.0457,154,156,154
16:57:13,18800,164,0.000,175,0.0000,154,156,154
16:57:13,18850,230,2.991,244,0.0470,154,156,154
16:57:13,18900,161,0.000,170,0.0000,154,156,154
16:57:13,18950,157,0.000,245,0.0482,154,156,154
16:57:13,19000,165,0.000,178,0.0000,154,156,154
16:57:13,19050,228,2.748,244,0.0470,154,156,154
16:57:13,19100,160,0.000,173,0.0000,154,156,154
16:57:13,19150,230,2.991,184,0.0000,154,156,154
16:57:13,19200,166,0.000,178,0.0000,154,156,154
16:57:13,19250,228,2.748,245,0.0482,154,156,154
16:57:13,19300,161,0.000,175,0.0000,154,156,154
16:57:13,19350,227,2.626,245,0.0482,154,156,154
16:57:13,19400,155,0.000,167,0.0000,154,156,154
16:57:14,19450,169,0.000,180,0.0000,154,156,154
16:57:14,19500,164,0.000,175,0.0000,154,156,154
16:57:14,19550,227,2.626,244,0.0470,154,156,154
16:57:14,19600,160,0.000,173,0.0000,154,156,154
16:57:14,19650,227,2.626,185,0.0000,154,156,154
16:57:14,19700,153,0.000,242,0.0445,154,156,154
16:57:14,19750,166,0.000,181,0.0000,154,156,154
16:57:14,19800,159,0.000,171,0.0000,154,156,154
16:57:14,19850,229,2.870,244,0.0470,154,156,154
16:57:14,19900,154,0.000,168,0.0000,155,157,155
16:57:14,19950,166,0.000,180,0.0000,155,157,155
16:57:14,20000,227,2.626,245,0.0482,155,157,155
16:57:14,20050,169,0.000,181,0.0000,155,157,155
16:57:14,20100,168,0.000,178,0.0000,155,157,155
16:57:14,20150,233,3.356,247,0.0506,155,157,155
16:57:14,20200,164,0.000,175,0.0000,155,157,155
16:57:14,20250,173,0.000,186,0.0000,155,157,155
16:57:14,20300,231,3.113,247,0.0506,155,157,155
16:57:14,20350,169,0.000,183,0.0000,155,157,155
16:57:14,20400,168,0.000,178,0.0000,155,157,155
16:57:15,20450,234,3.478,182,0.0000,155,157,155
16:57:15,20500,162,0.000,248,0.0518,155,157,155
16:57:15,20550,169,0.000,179,0.0000,155,157,155
16:57:15,20600,232,3.235,247,0.0506,155,157,155
16:57:15,20651,163,0.000,175,0.0000,155,157,155
16:57:15,20700,159,0.000,169,0.0000,155,157,155
16:57:15,20750,170,0.000,180,0.0000,155,157,155
16:57:15,20800,231,3.113,247,0.0506,155,157,155
16:57:15,20850,162,0.000,172,0.0000,155,157,155
16:57:15,20900,233,3.356,248,0.0518,155,157,155
16:57:15,20950,229,2.870,247,0.0506,155,157,155
16:57:15,21000,155,0.000,166,0.0000,155,157,155
16:57:15,21050,169,0.000,181,0.0000,155,157,155
16:57:15,21100,232,3.235,247,0.0506,155,157,155
16:57:15,21150,166,0.000,177,0.0000,155,157,155
16:57:15,21200,232,3.235,247,0.0506,155,157,155
16:57:15,21250,170,0.000,181,0.0000,155,157,155
16:57:15,21300,229,2.870,248,0.0518,155,157,155
16:57:15,21350,164,0.000,175,0.0000,155,157,155
16:57:15,21400,232,3.235,246,0.0494,156,158,156
16:57:16,21450,164,0.000,176,0.0000,156,158,156
16:57:16,21500,176,0.000,186,0.0000,156,158,156
16:57:16,21550,172,0.000,184,0.0000,156,158,156
16:57:16,21600,234,3.478,249,0.0530,156,158,156
16:57:16,21650,169,0.000,182,0.0000,156,158,156
16:57:16,21700,235,3.600,251,0.0555,156,158,156
16:57:16,21750,167,0.000,177,0.0000,156,158,156
16:57:16,21800,177,0.000,186,0.0000,156,158,156
16:57:16,21850,172,0.000,186,0.0000,156,158,156
16:57:16,21900,233,3.356,250,0.0543,156,158,156
16:57:16,21950,167,0.000,179,0.0000,156,158,156
16:57:16,22000,233,3.356,190,0.0000,156,158,156
16:57:16,22050,165,0.000,176,0.0000,156,158,156
16:57:16,22100,172,0.000,183,0.0000,156,158,156
16:57:16,22150,167,0.000,181,0.0000,156,158,156
16:57:16,22200,234,3.478,252,0.0567,156,158,156
16:57:16,22250,160,0.000,173,0.0000,156,158,156
16:57:16,22300,171,0.000,184,0.0000,156,158,156
16:57:16,22350,231,3.113,250,0.0543,156,158,156
16:57:16,22400,232,3.235,250,0.0543,156,158,156
16:57:17,22450,163,0.000,178,0.0000,156,158,156
16:57:17,22500,232,3.235,250,0.0543,156,158,156
16:57:17,22550,157,0.000,171,0.0000,156,158,156
16:57:17,22600,167,0.000,181,0.0000,156,158,156
16:57:17,22650,233,3.356,251,0.0555,156,158,156
16:57:17,22700,234,3.478,250,0.0543,156,158,156
16:57:17,22750,163,0.000,177,0.0000,156,158,156
16:57:17,22800,241,4.330,190,0.0000,156,158,156
16:57:17,22850,232,3.235,251,0.0555,156,158,156
16:57:17,22900,165,0.000,180,0.0000,157,159,157
16:57:17,22950,233,3.356,252,0.0567,157,159,157
16:57:17,23000,236,3.721,253,0.0579,157,159,157
16:57:17,23050,167,0.000,178,0.0000,157,159,157
16:57:17,23100,174,0.000,185,0.0000,157,159,157
16:57:17,23150,236,3.721,254,0.0591,157,159,157
16:57:17,23200,173,0.000,187,0.0000,157,159,157
16:57:17,23250,236,3.721,254,0.0591,157,159,157
16:57:17,23300,238,3.965,194,0.0000,157,159,157
16:57:17,23350,169,0.000,182,0.0000,157,159,157
16:57:17,23400,177,0.000,189,0.0000,157,159,157
16:57:18,23450,238,3.965,254,0.0591,157,159,157
16:57:18,23500,172,0.000,187,0.0000,157,159,157
16:57:18,23550,235,3.600,256,0.0616,157,159,157
16:57:18,23600,182,0.000,192,0.0000,157,159,157
16:57:18,23650,168,0.000,255,0.0603,157,159,157
16:57:18,23700,175,0.000,188,0.0000,157,159,157
16:57:18,23750,238,3.965,254,0.0591,157,159,157
16:57:18,23800,169,0.000,180,0.0000,157,159,157
16:57:18,23851,235,3.600,188,0.0000,157,159,157
16:57:18,23900,173,0.000,186,0.0000,157,159,157
16:57:18,23950,237,3.843,254,0.0591,157,159,157
16:57:18,24000,166,0.000,179,0.0000,157,159,157
16:57:18,24050,236,3.721,256,0.0616,157,159,157
16:57:18,24100,160,0.000,175,0.0000,157,159,157
16:57:18,24150,159,0.000,271,0.0798,157,159,157
16:57:18,24200,173,0.000,186,0.0000,157,159,157
16:57:18,24250,236,3.721,254,0.0591,157,159,157
16:57:18,24300,164,0.000,178,0.0000,157,159,157
16:57:18,24350,165,0.000,181,0.0000,157,159,157
16:57:18,24400,161,0.000,254,0.0591,158,160,158
16:57:19,24450,234,3.478,256,0.0616,158,160,158
16:57:19,24500,166,0.000,182,0.0000,158,160,158
16:57:19,24550,237,3.843,256,0.0616,158,160,158
16:57:19,24600,166,0.000,179,0.0000,158,160,158
16:57:19,24650,177,0.000,189,0.0000,158,160,158
16:57:19,24700,239,4.087,258,0.0640,158,160,158
16:57:19,24750,237,3.843,257,0.0628,158,160,158
16:57:19,24800,165,0.000,180,0.0000,158,160,158
16:57:19,24850,238,3.965,260,0.0664,158,160,158
16:57:19,24900,164,0.000,177,0.0000,158,160,158
16:57:19,24950,173,0.000,187,0.0000,158,160,158
16:57:19,25000,239,4.087,257,0.0628,158,160,158
16:57:19,25050,237,3.843,258,0.0640,158,160,158
16:57:19,25100,170,0.000,186,0.0000,158,160,158
16:57:19,25150,238,3.965,195,0.0000,158,160,158
16:57:19,25200,165,0.000,258,0.0640,158,160,158
16:57:19,25250,174,0.000,191,0.0000,158,160,158
16:57:19,25300,239,4.087,258,0.0640,158,160,158
16:57:19,25350,237,3.843,258,0.0640,158,160,158
16:57:19,25400,161,0.000,179,0.0000,158,160,158
16:57:20,25450,172,0.000,187,0.0000,158,160,158
16:57:20,25500,237,3.843,258,0.0640,158,160,158
16:57:20,25550,172,0.000,188,0.0000,158,160,158
16:57:20,25600,170,0.000,186,0.0000,158,160,158
16:57:20,25650,238,3.965,257,0.0628,158,160,158
16:57:20,25700,157,0.000,174,0.0000,158,160,158
16:57:20,25750,169,0.000,185,0.0000,158,160,158
16:57:20,25800,236,3.721,258,0.0640,158,160,158
16:57:20,25850,166,0.000,182,0.0000,158,160,158
16:57:20,25900,161,0.000,176,0.0000,159,161,159
16:57:20,25950,176,0.000,191,0.0000,159,161,159
16:57:20,26000,238,3.965,260,0.0664,159,161,159
16:57:20,26050,168,0.000,185,0.0000,159,161,159
16:57:20,26100,238,3.965,260,0.0664,159,161,159
16:57:20,26150,166,0.000,184,0.0000,159,161,159
16:57:20,26200,162,0.000,177,0.0000,159,161,159
16:57:20,26250,173,0.000,188,0.0000,159,161,159
16:57:20,26300,241,4.330,261,0.0676,159,161,159
16:57:20,26350,168,0.000,186,0.0000,159,161,159
16:57:20,26400,240,4.208,261,0.0676,159,161,159
16:57:21,26450,164,0.000,181,0.0000,159,161,159
16:57:21,26500,160,0.000,261,0.0676,159,161,159
16:57:21,26550,171,0.000,187,0.0000,159,161,159
16:57:21,26600,241,4.330,260,0.0664,159,161,159
16:57:21,26650,168,0.000,184,0.0000,159,161,159
16:57:21,26700,238,3.965,194,0.0000,159,161,159
16:57:21,26750,159,0.000,176,0.0000,159,161,159
16:57:21,26800,240,4.208,262,0.0689,159,161,159
16:57:21,26850,175,0.000,192,0.0000,159,161,159
16:57:21,26900,239,4.087,262,0.0689,159,161,159
16:57:21,26950,174,0.000,188,0.0000,159,161,159
16:57:21,27000,181,0.000,197,0.0000,159,161,159
16:57:21,27051,192,0.000,263,0.0701,159,161,159
16:57:21,27100,241,4.330,262,0.0689,159,161,159
16:57:21,27150,175,0.000,192,0.0000,159,161,159
16:57:21,27200,241,4.330,261,0.0676,159,161,159
16:57:21,27250,172,0.000,189,0.0000,159,161,159
16:57:21,27300,179,0.000,197,0.0000,159,161,159
16:57:21,27350,174,0.000,193,0.0000,159,161,159
16:57:22,27400,240,4.208,261,0.0676,160,162,160
16:57:22,27450,165,0.000,183,0.0000,160,162,160
16:57:22,27500,185,0.000,194,0.0000,160,162,160
16:57:22,27550,169,0.000,266,0.0737,160,162,160
16:57:22,27600,180,0.000,197,0.0000,160,162,160
16:57:22,27650,177,0.000,198,0.0000,160,162,160
16:57:22,27700,241,4.330,265,0.0725,160,162,160
16:57:22,27750,176,0.000,194,0.0000,160,162,160
16:57:22,27800,184,0.000,201,0.0000,160,162,160
16:57:22,27850,243,4.573,267,0.0749,160,162,160
16:57:22,27900,180,0.000,198,0.0000,160,162,160
16:57:22,27950,174,0.000,194,0.0000,160,162,160
16:57:22,28000,241,4.330,200,0.0000,160,162,160
16:57:22,28050,163,0.000,184,0.0000,160,162,160
16:57:22,28100,176,0.000,195,0.0000,160,162,160
16:57:22,28150,242,4.452,264,0.0713,160,162,160
16:57:22,28200,170,0.000,189,0.0000,160,162,160
16:57:22,28250,170,0.000,191,0.0000,160,162,160
16:57:22,28300,178,0.000,197,0.0000,160,162,160
16:57:22,28350,163,0.000,266,0.0737,160,162,160
16:57:23,28400,171,0.000,193,0.0000,160,162,160
16:57:23,28450,242,4.452,266,0.0737,160,162,160
16:57:23,28500,171,0.000,190,0.0000,160,162,160
16:57:23,28550,169,0.000,190,0.0000,160,162,160
16:57:23,28600,175,0.000,197,0.0000,160,162,160
16:57:23,28650,240,4.208,265,0.0725,160,162,160
16:57:23,28700,170,0.000,191,0.0000,160,162,160
16:57:23,28750,240,4.208,266,0.0737,160,162,160
16:57:23,28800,240,4.208,199,0.0000,160,162,160
16:57:23,28850,163,0.000,184,0.0000,160,162,160
16:57:23,28900,172,0.000,192,0.0000,161,163,161
16:57:23,28950,240,4.208,267,0.0749,161,163,161
16:57:23,29000,166,0.000,190,0.0000,161,163,161
16:57:23,29050,241,4.330,205,0.0000,161,163,161
16:57:23,29100,180,0.000,201,0.0000,161,163,161
16:57:23,29150,242,4.452,269,0.0774,161,163,161
16:57:23,29200,174,0.000,195,0.0000,161,163,161
16:57:23,29250,243,4.573,268,0.0762,161,163,161
16:57:23,29300,171,0.000,194,0.0000,161,163,161
16:57:23,29350,180,0.000,201,0.0000,161,163,161
16:57:24,29400,180,0.000,199,0.0000,161,163,161
16:57:24,29450,245,4.817,269,0.0774,161,163,161
16:57:24,29500,171,0.000,194,0.0000,161,163,161
16:57:24,29550,242,4.452,268,0.0762,161,163,161
16:57:24,29600,165,0.000,190,0.0000,161,163,161
16:57:24,29650,178,0.000,202,0.0000,161,163,161
16:57:24,29700,178,0.000,200,0.0000,161,163,161
16:57:24,29750,243,4.573,269,0.0774,161,163,161
16:57:24,29800,172,0.000,193,0.0000,161,163,161
16:57:24,29850,242,4.452,205,0.0000,161,163,161
16:57:24,29900,166,0.000,270,0.0786,161,163,161
16:57:24,29950,174,0.000,197,0.0000,161,163,161
16:57:24,30000,173,0.000,195,0.0000,161,163,161
16:57:24,30050,245,4.817,270,0.0786,161,163,161
16:57:24,30100,169,0.000,190,0.0000,161,163,161
16:57:24,30150,178,0.000,200,0.0000,161,163,161
16:57:24,30200,241,4.330,269,0.0774,161,163,161
16:57:24,30251,175,0.000,198,0.0000,161,163,161
16:57:24,30300,171,0.000,190,0.0000,161,163,161
16:57:24,30350,244,4.695,72,0.0000,161,163,161
16:57:25,30400,168,0.000,269,0.0774,162,164,162
16:57:25,30450,178,0.000,198,0.0000,162,164,162
16:57:25,30500,243,4.573,271,0.0798,162,164,162
16:57:25,30550,246,4.938,271,0.0798,162,164,162
16:57:25,30600,175,0.000,197,0.0000,162,164,162
16:57:25,30650,185,0.000,204,0.0000,162,164,162
16:57:25,30700,171,0.000,272,0.0810,162,164,162
16:57:25,30750,179,0.000,202,0.0000,162,164,162
16:57:25,30800,247,5.060,273,0.0822,162,164,162
16:57:25,30850,247,5.060,273,0.0822,162,164,162
16:57:25,30900,174,0.000,195,0.0000,162,164,162
16:57:25,30950,182,0.000,203,0.0000,162,164,162
16:57:25,31000,246,4.938,273,0.0822,162,164,162
16:57:25,31050,176,0.000,198,0.0000,162,164,162
16:57:25,31100,245,4.817,272,0.0810,162,164,162
16:57:25,31150,243,4.573,206,0.0007,162,164,162
16:57:25,31200,168,0.000,274,0.0835,162,164,162
16:57:25,31250,177,0.000,199,0.0000,162,164,162
16:57:25,31300,245,4.817,271,0.0798,162,164,162
16:57:25,31350,174,0.000,198,0.0000,162,164,162
16:57:26,31400,244,4.695,205,0.0000,162,164,162
16:57:26,31450,183,0.000,206,0.0007,162,164,162
16:57:26,31500,243,4.573,272,0.0810,162,164,162
16:57:26,31550,175,0.000,199,0.0000,162,164,162
16:57:26,31600,244,4.695,273,0.0822,162,164,162
16:57:26,31650,171,0.000,194,0.0000,162,164,162
16:57:26,31700,181,0.000,204,0.0000,162,164,162
16:57:26,31750,176,0.000,203,0.0000,162,164,162
16:57:26,31800,242,4.452,272,0.0810,162,164,162
16:57:26,31850,170,0.000,196,0.0000,162,164,162
16:57:26,31900,245,4.817,206,0.0007,163,165,163
16:57:26,31950,173,0.000,197,0.0000,163,165,163
16:57:26,32000,172,0.000,274,0.0835,163,165,163
16:57:26,32050,182,0.000,209,0.0044,163,165,163
16:57:26,32100,244,4.695,277,0.0871,163,165,163
16:57:26,32150,173,0.000,200,0.0000,163,165,163
16:57:26,32200,186,0.000,211,0.0068,163,165,163
16:57:26,32250,172,0.000,298,0.1127,163,165,163
16:57:26,32300,246,4.938,277,0.0871,163,165,163
16:57:26,32350,183,0.000,210,0.0056,163,165,163
16:57:27,32400,246,4.938,277,0.0871,163,165,163
16:57:27,32450,171,0.000,199,0.0000,163,165,163
16:57:27,32500,182,0.000,210,0.0056,163,165,163
16:57:27,32550,245,4.817,278,0.0883,163,165,163
16:57:27,32600,245,4.817,276,0.0859,163,165,163
16:57:27,32650,178,0.000,208,0.0031,163,165,163
16:57:27,32700,244,4.695,217,0.0141,163,165,163
16:57:27,32750,175,0.000,204,0.0000,163,165,163
16:57:27,32800,183,0.000,211,0.0068,163,165,163
16:57:27,32850,244,4.695,278,0.0883,163,165,163
16:57:27,32900,247,5.060,278,0.0883,163,165,163
16:57:27,32950,181,0.000,207,0.0019,163,165,163
16:57:27,33000,186,0.000,214,0.0104,163,165,163
16:57:27,33050,173,0.000,277,0.0871,163,165,163
16:57:27,33100,180,0.000,209,0.0044,163,165,163
16:57:27,33150,244,4.695,277,0.0871,163,165,163
16:57:27,33200,246,4.938,276,0.0859,163,165,163
16:57:27,33250,171,0.000,199,0.0000,163,165,163
16:57:27,33300,186,0.000,212,0.0080,163,165,163
16:57:27,33350,243,4.573,277,0.0871,163,165,163
16:57:28,33400,180,0.000,209,0.0044,164,166,164
16:57:28,33451,244,4.695,279,0.0895,164,166,164
16:57:28,33500,234,3.478,218,0.0153,164,166,164
16:57:28,33550,179,0.000,206,0.0007,164,166,164
16:57:28,33600,188,0.000,215,0.0117,164,166,164
16:57:28,33650,249,5.304,282,0.0932,164,166,164
16:57:28,33700,182,0.000,211,0.0068,164,166,164
16:57:28,33750,182,0.000,208,0.0031,164,166,164
16:57:28,33800,189,0.000,217,0.0141,164,166,164
16:57:28,33850,248,5.182,281,0.0920,164,166,164
16:57:28,33900,184,0.000,213,0.0092,164,166,164
16:57:28,33950,249,5.304,281,0.0920,164,166,164
16:57:28,34000,182,0.000,210,0.0056,164,166,164
16:57:28,34050,179,0.000,208,0.0031,164,166,164
16:57:28,34100,186,0.000,215,0.0117,164,166,164
16:57:28,34150,248,5.182,283,0.0944,164,166,164
16:57:28,34200,181,0.000,211,0.0068,164,166,164
16:57:28,34250,248,5.182,281,0.0920,164,166,164
16:57:28,34300,172,0.000,200,0.0000,164,166,164
16:57:28,34350,171,0.000,281,0.0920,164,166,164
16:57:29,34400,182,0.000,211,0.0068,164,166,164
16:57:29,34450,248,5.182,281,0.0920,164,166,164
16:57:29,34500,181,0.000,210,0.0056,164,166,164
16:57:29,34550,256,6.155,218,0.0153,164,166,164
16:57:29,34600,176,0.000,282,0.0932,164,166,164
16:57:29,34650,245,4.817,280,0.0908,164,166,164
16:57:29,34700,177,0.000,208,0.0031,164,166,164
16:57:29,34750,247,5.060,282,0.0932,164,166,164
16:57:29,34800,176,0.000,206,0.0007,164,166,164
16:57:29,34850,184,0.000,212,0.0080,164,166,164
16:57:29,34900,247,5.060,281,0.0920,165,167,165
16:57:29,34950,244,4.695,282,0.0932,165,167,165
16:57:29,35000,176,0.000,210,0.0056,165,167,165
16:57:29,35050,247,5.060,219,0.0165,165,167,165
16:57:29,35100,174,0.000,203,0.0000,165,167,165
16:57:29,35150,179,0.000,210,0.0056,165,167,165
16:57:29,35200,178,0.000,211,0.0068,165,167,165
16:57:29,35250,247,5.060,283,0.0944,165,167,165
16:57:29,35300,181,0.000,213,0.0092,165,167,165
16:57:29,35350,190,0.000,223,0.0214,165,167,165
16:57:30,35400,179,0.000,286,0.0981,165,167,165
16:57:30,35450,185,0.000,218,0.0153,165,167,165
16:57:30,35500,184,0.000,216,0.0129,165,167,165
16:57:30,35550,247,5.060,285,0.0968,165,167,165
16:57:30,35600,178,0.000,213,0.0092,165,167,165
16:57:30,35650,187,0.000,221,0.0190,165,167,165
16:57:30,35700,247,5.060,285,0.0968,165,167,165
16:57:30,35750,182,0.000,217,0.0141,165,167,165
16:57:30,35800,179,0.000,211,0.0068,165,167,165
16:57:30,35850,247,5.060,218,0.0153,165,167,165
16:57:30,35900,171,0.000,305,0.1212,165,167,165
16:57:30,35950,186,0.000,220,0.0177,165,167,165
16:57:30,36000,247,5.060,285,0.0968,165,167,165
16:57:30,36050,182,0.000,216,0.0129,165,167,165
16:57:30,36100,181,0.000,216,0.0129,165,167,165
16:57:30,36150,191,0.000,223,0.0214,165,167,165
16:57:30,36200,246,4.938,286,0.0981,165,167,165
16:57:30,36250,183,0.000,219,0.0165,165,167,165
16:57:30,36300,246,4.938,285,0.0968,165,167,165
16:57:30,36350,180,0.000,215,0.0117,165,167,165
16:57:31,36400,179,0.000,213,0.0092,166,168,166
16:57:31,36450,188,0.000,221,0.0190,166,168,166
16:57:31,36500,250,5.425,288,0.1005,166,168,166
16:57:31,36550,183,0.000,218,0.0153,166,168,166
16:57:31,36600,249,5.304,252,0.0567,166,168,166
16:57:31,36651,175,0.000,211,0.0068,166,168,166
16:57:31,36700,172,0.000,290,0.1029,166,168,166
16:57:31,36750,185,0.000,219,0.0165,166,168,166
16:57:31,36800,250,5.425,289,0.1017,166,168,166
16:57:31,36850,185,0.000,220,0.0177,166,168,166
16:57:31,36900,192,0.000,228,0.0275,166,168,166
16:57:31,36950,191,0.000,225,0.0238,166,168,166
16:57:31,37000,251,5.547,289,0.1017,166,168,166
16:57:31,37050,188,0.000,222,0.0202,166,168,166
16:57:31,37100,250,5.425,291,0.1041,166,168,166
16:57:31,37150,183,0.000,219,0.0165,166,168,166
16:57:31,37200,191,0.000,224,0.0226,166,168,166
16:57:31,37250,188,0.000,224,0.0226,166,168,166
16:57:31,37300,249,5.304,291,0.1041,166,168,166
16:57:31,37350,185,0.000,219,0.0165,166,168,166
16:57:32,37400,250,5.425,228,0.0275,166,168,166
16:57:32,37450,180,0.000,216,0.0129,166,168,166
16:57:32,37500,188,0.000,224,0.0226,166,168,166
16:57:32,37550,184,0.000,221,0.0190,166,168,166
16:57:32,37600,250,5.425,289,0.1017,166,168,166
16:57:32,37650,181,0.000,216,0.0129,166,168,166
16:57:32,37700,185,0.000,221,0.0190,166,168,166
16:57:32,37750,171,0.000,289,0.1017,166,168,166
16:57:32,37800,178,0.000,212,0.0080,166,168,166
16:57:32,37850,173,0.000,211,0.0068,166,168,166
16:57:32,37900,248,5.182,227,0.0263,167,169,167
16:57:32,37950,181,0.000,215,0.0117,167,169,167
16:57:32,38000,188,0.000,225,0.0238,167,169,167
16:57:32,38050,251,5.547,291,0.1041,167,169,167
16:57:32,38100,186,0.000,223,0.0214,167,169,167
16:57:32,38150,182,0.000,221,0.0190,167,169,167
16:57:32,38200,190,0.000,229,0.0287,167,169,167
16:57:32,38250,179,0.000,218,0.0153,167,169,167
16:57:32,38300,188,0.000,226,0.0250,167,169,167
16:57:32,38350,252,5.669,292,0.1054,167,169,167
16:57:33,38400,249,5.304,293,0.1066,167,169,167
16:57:33,38450,173,0.000,214,0.0104,167,169,167
16:57:33,38500,187,0.000,226,0.0250,167,169,167
16:57:33,38550,249,5.304,293,0.1066,167,169,167
16:57:33,38600,185,0.000,223,0.0214,167,169,167
16:57:33,38650,252,5.669,295,0.1090,167,169,167
16:57:33,38700,249,5.304,232,0.0323,167,169,167
16:57:33,38750,180,0.000,218,0.0153,167,169,167
16:57:33,38800,187,0.000,227,0.0263,167,169,167
16:57:33,38850,250,5.425,294,0.1078,167,169,167
16:57:33,38900,183,0.000,223,0.0214,167,169,167
16:57:33,38950,250,5.425,293,0.1066,167,169,167
16:57:33,39000,190,0.000,231,0.0311,167,169,167
16:57:33,39050,178,0.000,293,0.1066,167,169,167
16:57:33,39100,185,0.000,225,0.0238,167,169,167
16:57:33,39150,248,5.182,293,0.1066,167,169,167
16:57:33,39200,182,0.000,221,0.0190,167,169,167
16:57:33,39250,42,0.000,230,0.0299,167,169,167
16:57:33,39300,187,0.000,227,0.0263,167,169,167
16:57:33,39350,249,5.304,294,0.1078,167,169,167
16:57:34,39400,181,0.000,221,0.0190,168,170,168
16:57:34,39450,248,5.182,294,0.1078,168,170,168
16:57:34,39500,179,0.000,221,0.0190,168,170,168
16:57:34,39550,187,0.000,228,0.0275,168,170,168
16:57:34,39600,185,0.000,225,0.0238,168,170,168
16:57:34,39650,252,5.669,296,0.1102,168,170,168
16:57:34,39700,176,0.000,216,0.0129,168,170,168
16:57:34,39750,251,5.547,233,0.0336,168,170,168
16:57:34,39800,170,0.000,211,0.0068,168,170,168
16:57:34,39851,180,0.000,221,0.0190,168,170,168
16:57:34,39900,183,0.000,223,0.0214,168,170,168
16:57:34,39950,252,5.669,298,0.1127,168,170,168
16:57:34,40000,183,0.000,224,0.0226,168,170,168
16:57:34,40050,192,0.000,232,0.0323,168,170,168
16:57:34,40100,177,0.000,298,0.1127,168,170,168
16:57:34,40150,252,5.669,298,0.1127,168,170,168
16:57:34,40200,175,0.000,217,0.0141,168,170,168
16:57:34,40250,252,5.669,296,0.1102,168,170,168
16:57:34,40300,171,0.000,212,0.0080,168,170,168
16:57:34,40350,184,0.000,225,0.0238,168,170,168
16:57:35,40400,249,5.304,298,0.1127,168,170,168
16:57:35,40450,251,5.547,297,0.1115,168,170,168
16:57:35,40500,184,0.000,225,0.0238,168,170,168
16:57:35,40550,251,5.547,235,0.0360,168,170,168
16:57:35,40600,181,0.000,223,0.0214,168,170,168
16:57:35,40650,188,0.000,230,0.0299,168,170,168
16:57:35,40700,252,5.669,298,0.1127,168,170,168
16:57:35,40750,249,5.304,298,0.1127,168,170,168
16:57:35,40800,181,0.000,225,0.0238,168,170,168
16:57:35,40850,191,0.000,232,0.0323,168,170,168
16:57:35,40900,250,5.425,298,0.1127,0,0,0
16:57:35,40950,248,5.182,292,0.1054,0,0,0
16:57:35,41000,245,4.817,286,0.0981,0,0,0
16:57:35,41050,238,3.965,281,0.0920,0,0,0
16:57:35,41100,235,3.600,277,0.0871,0,0,0
16:57:35,41150,234,3.478,272,0.0810,0,0,0
16:57:35,41200,231,3.113,267,0.0749,0,0,0
16:57:35,41250,228,2.748,263,0.0701,0,0,0
16:57:35,41300,226,2.504,260,0.0664,0,0,0
16:57:35,41350,223,2.139,256,0.0616,0,0,0
16:57:36,41400,221,1.896,252,0.0567,0,0,0
16:57:36,41450,219,1.652,249,0.0530,0,0,0
16:57:36,41500,220,1.774,246,0.0494,0,0,0
16:57:36,41550,219,1.652,243,0.0457,0,0,0
16:57:36,41600,216,1.287,240,0.0421,0,0,0
16:57:36,41650,214,1.044,239,0.0409,0,0,0
16:57:36,41700,214,1.044,236,0.0372,0,0,0
16:57:36,41750,213,0.922,232,0.0323,0,0,0
16:57:36,41800,212,0.801,231,0.0311,0,0,0
16:57:36,41850,213,0.922,230,0.0299,0,0,0
16:57:36,41900,211,0.679,229,0.0287,0,0,0
16:57:36,41950,211,0.679,226,0.0250,0,0,0
16:57:36,42000,211,0.679,224,0.0226,0,0,0
16:57:36,42050,210,0.557,225,0.0238,0,0,0
16:57:36,42100,209,0.435,225,0.0238,0,0,0
16:57:36,42150,210,0.557,223,0.0214,0,0,0
16:57:36,42200,208,0.314,222,0.0202,0,0,0
16:57:36,42250,208,0.314,225,0.0238,0,0,0
16:57:36,42300,209,0.435,222,0.0202,0,0,0
16:57:36,42350,208,0.314,222,0.0202,0,0,0
16:57:37,42400,208,0.314,223,0.0214,0,0,0
16:57:37,42450,208,0.314,224,0.0226,0,0,0
16:57:37,42500,209,0.435,223,0.0214,0,0,0
16:57:37,42550,207,0.192,222,0.0202,0,0,0
16:57:37,42600,207,0.192,223,0.0214,0,0,0
16:57:37,42650,207,0.192,223,0.0214,0,0,0
16:57:37,42700,206,0.070,223,0.0214,0,0,0
16:57:37,42750,207,0.192,222,0.0202,0,0,0
16:57:37,42800,210,0.557,223,0.0214,0,0,0
16:57:37,42850,209,0.435,222,0.0202,0,0,0
16:57:37,42900,207,0.192,223,0.0214,0,0,0
16:57:37,42950,207,0.192,223,0.0214,0,0,0
16:57:37,43000,207,0.192,223,0.0214,0,0,0
16:57:37,43051,206,0.070,222,0.0202,0,0,0
16:57:37,43100,209,0.435,222,0.0202,0,0,0
16:57:37,43150,208,0.314,223,0.0214,0,0,0
16:57:37,43200,209,0.435,223,0.0214,0,0,0
16:57:37,43250,206,0.070,222,0.0202,0,0,0
16:57:37,43300,206,0.070,222,0.0202,0,0,0
16:57:37,43350,208,0.314,223,0.0214,0,0,0
16:57:38,43400,208,0.314,222,0.0202,0,0,0
16:57:38,43450,208,0.314,222,0.0202,0,0,0
16:57:38,43500,209,0.435,223,0.0214,0,0,0
16:57:38,43550,208,0.314,224,0.0226,0,0,0
16:57:38,43600,206,0.070,223,0.0214,0,0,0
16:57:38,43650,208,0.314,222,0.0202,0,0,0
16:57:38,43700,208,0.314,223,0.0214,0,0,0
16:57:38,43750,209,0.435,222,0.0202,0,0,0
16:57:38,43800,208,0.314,222,0.0202,0,0,0
16:57:38,43850,208,0.314,222,0.0202,0,0,0
16:57:38,43900,208,0.314,223,0.0214,0,0,0
16:57:38,43950,208,0.314,222,0.0202,0,0,0
16:57:38,44000,210,0.557,222,0.0202,0,0,0
16:57:38,44050,209,0.435,223,0.0214,0,0,0
16:57:38,44100,209,0.435,223,0.0214,0,0,0
16:57:38,44150,208,0.314,222,0.0202,0,0,0
16:57:38,44200,208,0.314,223,0.0214,0,0,0
16:57:38,44250,206,0.070,223,0.0214,0,0,0
16:57:38,44300,209,0.435,223,0.0214,0,0,0
16:57:38,44350,208,0.314,222,0.0202,0,0,0
16:57:39,44400,208,0.314,223,0.0214,0,0,0
16:57:39,44450,208,0.314,222,0.0202,0,0,0
16:57:39,44500,208,0.314,223,0.0214,0,0,0
16:57:39,44550,207,0.192,223,0.0214,0,0,0
16:57:39,44600,207,0.192,222,0.0202,0,0,0
16:57:39,44650,208,0.314,223,0.0214,0,0,0
16:57:39,44700,208,0.314,222,0.0202,0,0,0
16:57:39,44750,208,0.314,222,0.0202,0,0,0
16:57:39,44800,205,0.000,222,0.0202,0,0,0
16:57:39,44850,207,0.192,223,0.0214,0,0,0
16:57:39,44900,207,0.192,222,0.0202,143,145,143
16:57:39,44950,206,0.070,222,0.0202,143,145,143
16:57:39,45000,148,0.000,240,0.0421,144,146,144
16:57:39,45050,157,0.000,168,0.0000,144,146,144
16:57:39,45100,152,0.000,164,0.0000,144,146,144
16:57:39,45150,206,0.070,222,0.0202,144,146,144
16:57:39,45200,148,0.000,160,0.0000,144,146,144
16:57:39,45250,207,0.192,171,0.0000,144,146,144
16:57:39,45300,144,0.000,222,0.0202,144,146,144
16:57:39,45350,154,0.000,163,0.0000,144,146,144
16:57:40,45400,150,0.000,162,0.0000,144,146,144
16:57:40,45450,207,0.192,222,0.0202,144,146,144
16:57:40,45500,145,0.000,158,0.0000,144,146,144
16:57:40,45550,155,0.000,167,0.0000,144,146,144
16:57:40,45600,206,0.070,224,0.0226,144,146,144
16:57:40,45650,149,0.000,162,0.0000,144,146,144
16:57:40,45700,147,0.000,159,0.0000,144,146,144
16:57:40,45750,206,0.070,223,0.0214,144,146,144
16:57:40,45800,143,0.000,223,0.0214,144,146,144
16:57:40,45850,152,0.000,163,0.0000,144,146,144
16:57:40,45900,206,0.070,222,0.0202,144,146,144
16:57:40,45950,148,0.000,160,0.0000,144,146,144
16:57:40,46000,147,0.000,158,0.0000,144,146,144
16:57:40,46050,206,0.070,167,0.0000,144,146,144
16:57:40,46100,206,0.070,223,0.0214,144,146,144
16:57:40,46150,148,0.000,163,0.0000,144,146,144
16:57:40,46200,207,0.192,224,0.0226,144,146,144
16:57:40,46251,145,0.000,157,0.0000,144,146,144
16:57:40,46300,146,0.000,154,0.0000,144,146,144
16:57:40,46350,154,0.000,166,0.0000,144,146,144
16:57:41,46400,206,0.070,223,0.0214,145,147,145
16:57:41,46450,147,0.000,160,0.0000,145,147,145
16:57:41,46500,207,0.192,222,0.0202,145,147,145
16:57:41,46550,208,0.314,223,0.0214,145,147,145
16:57:41,46600,142,0.000,222,0.0202,145,147,145
16:57:41,46650,152,0.000,161,0.0000,145,147,145
16:57:41,46700,206,0.070,222,0.0202,145,147,145
16:57:41,46750,145,0.000,158,0.0000,145,147,145
16:57:41,46800,206,0.070,224,0.0226,145,147,145
16:57:41,46850,158,0.000,165,0.0000,145,147,145
16:57:41,46900,208,0.314,222,0.0202,145,147,145
16:57:41,46950,150,0.000,161,0.0000,145,147,145
16:57:41,47000,208,0.314,223,0.0214,145,147,145
16:57:41,47050,146,0.000,156,0.0000,145,147,145
16:57:41,47100,153,0.000,164,0.0000,145,147,145
16:57:41,47150,152,0.000,164,0.0000,145,147,145
16:57:41,47200,208,0.314,222,0.0202,145,147,145
16:57:41,47250,148,0.000,158,0.0000,145,147,145
16:57:41,47300,208,0.314,222,0.0202,145,147,145
16:57:41,47350,143,0.000,154,0.0000,145,147,145
16:57:42,47400,151,0.000,163,0.0000,145,147,145
16:57:42,47450,150,0.000,159,0.0000,145,147,145
16:57:42,47500,208,0.314,222,0.0202,145,147,145
16:57:42,47550,145,0.000,157,0.0000,145,147,145
16:57:42,47600,208,0.314,166,0.0000,145,147,145
16:57:42,47650,142,0.000,222,0.0202,145,147,145
16:57:42,47700,150,0.000,160,0.0000,145,147,145
16:57:42,47750,146,0.000,158,0.0000,145,147,145
16:57:42,47800,208,0.314,221,0.0190,145,147,145
16:57:42,47850,143,0.000,152,0.0000,145,147,145
16:57:42,47900,152,0.000,162,0.0000,146,148,146
16:57:42,47950,208,0.314,224,0.0226,146,148,146
16:57:42,48000,207,0.192,222,0.0202,146,148,146
16:57:42,48050,145,0.000,155,0.0000,146,148,146
16:57:42,48100,206,0.070,223,0.0214,146,148,146
16:57:42,48150,141,0.000,151,0.0000,146,148,146
16:57:42,48200,150,0.000,160,0.0000,146,148,146
16:57:42,48250,208,0.314,222,0.0202,146,148,146
16:57:42,48300,206,0.070,222,0.0202,146,148,146
16:57:42,48350,142,0.000,154,0.0000,146,148,146
16:57:43,48400,216,1.287,163,0.0000,146,148,146
16:57:43,48450,202,0.000,222,0.0202,146,148,146
16:57:43,48500,149,0.000,159,0.0000,146,148,146
16:57:43,48550,208,0.314,222,0.0202,146,148,146
16:57:43,48600,206,0.070,223,0.0214,146,148,146
16:57:43,48650,140,0.000,153,0.0000,146,148,146
16:57:43,48700,150,0.000,162,0.0000,146,148,146
16:57:43,48750,206,0.070,223,0.0214,146,148,146
16:57:43,48800,144,0.000,156,0.0000,146,148,146
16:57:43,48850,208,0.314,222,0.0202,146,148,146
16:57:43,48900,206,0.070,164,0.0000,146,148,146
16:57:43,48950,138,0.000,221,0.0190,146,148,146
16:57:43,49000,148,0.000,159,0.0000,146,148,146
16:57:43,49050,206,0.070,223,0.0214,146,148,146
16:57:43,49100,142,0.000,155,0.0000,146,148,146
16:57:43,49150,206,0.070,223,0.0214,146,148,146
16:57:43,49200,151,0.000,162,0.0000,146,148,146
16:57:43,49250,206,0.070,223,0.0214,146,148,146
16:57:43,49300,145,0.000,158,0.0000,146,148,146
16:57:43,49350,206,0.070,223,0.0214,146,148,146
16:57:44,49400,141,0.000,152,0.0000,147,149,147
16:57:44,49451,206,0.070,164,0.0000,147,149,147
16:57:44,49500,150,0.000,161,0.0000,147,149,147
16:57:44,49550,206,0.070,222,0.0202,147,149,147
16:57:44,49600,143,0.000,155,0.0000,147,149,147
16:57:44,49650,207,0.192,224,0.0226,147,149,147
16:57:44,49700,139,0.000,151,0.0000,147,149,147
16:57:44,49750,140,0.000,222,0.0202,147,149,147
16:57:44,49800,148,0.000,158,0.0000,147,149,147
16:57:44,49850,208,0.314,223,0.0214,147,149,147
16:57:44,49900,141,0.000,155,0.0000,147,149,147
16:57:44,49950,206,0.070,165,0.0000,147,149,147
16:57:44,50000,137,0.000,223,0.0214,147,149,147
16:57:44,50050,209,0.435,223,0.0214,147,149,147
16:57:44,50100,146,0.000,157,0.0000,147,149,147
16:57:44,50150,209,0.435,222,0.0202,147,149,147
16:57:44,50200,143,0.000,152,0.0000,147,149,147
16:57:44,50250,151,0.000,163,0.0000,147,149,147
16:57:44,50300,207,0.192,223,0.0214,147,149,147
16:57:44,50350,209,0.435,222,0.0202,147,149,147
16:57:45,50400,145,0.000,155,0.0000,147,149,147
16:57:45,50450,209,0.435,224,0.0226,147,149,147
16:57:45,50500,141,0.000,152,0.0000,147,149,147
16:57:45,50550,151,0.000,158,0.0000,147,149,147
16:57:45,50600,207,0.192,222,0.0202,147,149,147
16:57:45,50650,209,0.435,224,0.0226,147,149,147
16:57:45,50700,145,0.000,154,0.0000,147,149,147
16:57:45,50750,208,0.314,163,0.0000,147,149,147
16:57:45,50800,208,0.314,222,0.0202,147,149,147
16:57:45,50850,149,0.000,159,0.0000,147,149,147
16:57:45,50900,209,0.435,222,0.0202,148,150,148
16:57:45,50950,208,0.314,223,0.0214,148,150,148
16:57:45,51000,141,0.000,151,0.0000,148,150,148
16:57:45,51050,152,0.000,162,0.0000,148,150,148
16:57:45,51100,209,0.435,224,0.0226,148,150,148
16:57:45,51150,146,0.000,155,0.0000,148,150,148
16:57:45,51200,142,0.000,154,0.0000,148,150,148
16:57:45,51250,207,0.192,224,0.0226,148,150,148
16:57:45,51300,138,0.000,224,0.0226,148,150,148
16:57:45,51350,150,0.000,158,0.0000,148,150,148
16:57:46,51400,208,0.314,223,0.0214,148,150,148
16:57:46,51450,144,0.000,156,0.0000,148,150,148
16:57:46,51500,141,0.000,155,0.0000,148,150,148
16:57:46,51550,154,0.000,164,0.0000,148,150,148
16:57:46,51600,207,0.192,223,0.0214,148,150,148
16:57:46,51650,146,0.000,159,0.0000,148,150,148
16:57:46,51700,209,0.435,223,0.0214,148,150,148
16:57:46,51750,143,0.000,154,0.0000,148,150,148
16:57:46,51800,140,0.000,151,0.0000,148,150,148
16:57:46,51850,150,0.000,164,0.0000,148,150,148
16:57:46,51900,208,0.314,227,0.0263,148,150,148
16:57:46,51950,149,0.000,160,0.0000,148,150,148
16:57:46,52000,211,0.679,228,0.0275,148,150,148
16:57:46,52050,147,0.000,160,0.0000,148,150,148
16:57:46,52100,209,0.435,232,0.0323,148,150,148
16:57:46,52150,154,0.000,167,0.0000,148,150,148
16:57:46,52200,216,1.287,232,0.0323,148,150,148
16:57:46,52250,151,0.000,165,0.0000,148,150,148
16:57:46,52300,217,1.409,176,0.0000,148,150,148
16:57:46,52350,150,0.000,233,0.0336,148,150,148
16:57:47,52400,219,1.652,234,0.0348,149,151,149
16:57:47,52450,157,0.000,169,0.0000,149,151,149
16:57:47,52500,219,1.652,236,0.0372,149,151,149
16:57:47,52550,154,0.000,165,0.0000,149,151,149
16:57:47,52600,164,0.000,174,0.0000,149,151,149
16:57:47,52651,221,1.896,236,0.0372,149,151,149
16:57:47,52700,223,2.139,237,0.0384,149,151,149
16:57:47,52750,159,0.000,168,0.0000,149,151,149
16:57:47,52800,222,2.018,236,0.0372,149,151,149
16:57:47,52850,154,0.000,165,0.0000,149,151,149
16:57:47,52900,163,0.000,175,0.0000,149,151,149
16:57:47,52950,163,0.000,171,0.0000,149,151,149
16:57:47,53000,224,2.261,236,0.0372,149,151,149
16:57:47,53050,158,0.000,169,0.0000,149,151,149
16:57:47,53100,14,0.000,178,0.0000,149,151,149
16:57:47,53150,152,0.000,236,0.0372,149,151,149
16:57:47,53200,162,0.000,172,0.0000,149,151,149
16:57:47,53250,162,0.000,172,0.0000,149,151,149
16:57:47,53300,226,2.504,238,0.0396,149,151,149
16:57:47,53350,159,0.000,166,0.0000,149,151,149
16:57:48,53400,168,0.000,175,0.0000,149,151,149
16:57:48,53450,225,2.383,239,0.0409,149,151,149
16:57:48,53500,161,0.000,172,0.0000,149,151,149
16:57:48,53550,162,0.000,169,0.0000,149,151,149
16:57:48,53600,226,2.504,181,0.0000,149,151,149
16:57:48,53650,156,0.000,240,0.0421,149,151,149
16:57:48,53700,166,0.000,174,0.0000,149,151,149
16:57:48,53750,226,2.504,238,0.0396,149,151,149
16:57:48,53800,161,0.000,169,0.0000,149,151,149
16:57:48,53850,158,0.000,169,0.0000,149,151,149
16:57:48,53900,169,0.000,178,0.0000,150,152,150
16:57:48,53950,225,2.383,239,0.0409,150,152,150
16:57:48,54000,164,0.000,173,0.0000,150,152,150
16:57:48,54050,227,2.626,238,0.0396,150,152,150
16:57:48,54100,159,0.000,167,0.0000,150,152,150
16:57:48,54150,156,0.000,166,0.0000,150,152,150
16:57:48,54200,167,0.000,175,0.0000,150,152,150
16:57:48,54250,227,2.626,238,0.0396,150,152,150
16:57:48,54300,162,0.000,170,0.0000,150,152,150
16:57:48,54350,227,2.626,239,0.0409,150,152,150
16:57:49,54400,224,2.261,179,0.0000,150,152,150
16:57:49,54450,154,0.000,238,0.0396,150,152,150
16:57:49,54500,164,0.000,172,0.0000,150,152,150
16:57:49,54550,225,2.383,239,0.0409,150,152,150
16:57:49,54600,161,0.000,170,0.0000,150,152,150
16:57:49,54650,227,2.626,177,0.0000,150,152,150
16:57:49,54700,167,0.000,176,0.0000,150,152,150
16:57:49,54750,225,2.383,240,0.0421,150,152,150
16:57:49,54800,162,0.000,173,0.0000,150,152,150
16:57:49,54850,225,2.383,239,0.0409,150,152,150
16:57:49,54900,157,0.000,166,0.0000,150,152,150
16:57:49,54950,171,0.000,178,0.0000,150,152,150
16:57:49,55000,166,0.000,174,0.0000,150,152,150
16:57:49,55050,225,2.383,238,0.0396,150,152,150
16:57:49,55100,161,0.000,170,0.0000,150,152,150
16:57:49,55150,225,2.383,239,0.0409,150,152,150
16:57:49,55200,156,0.000,165,0.0000,150,152,150
16:57:49,55250,166,0.000,175,0.0000,150,152,150
16:57:49,55300,163,0.000,172,0.0000,150,152,150
16:57:49,55350,225,2.383,239,0.0409,150,152,150
16:57:50,55400,157,0.000,168,0.0000,151,153,151
16:57:50,55450,225,2.383,178,0.0000,151,153,151
16:57:50,55500,225,2.383,238,0.0396,151,153,151
16:57:50,55550,163,0.000,172,0.0000,151,153,151
16:57:50,55600,162,0.000,169,0.0000,151,153,151
16:57:50,55650,225,2.383,237,0.0384,151,153,151
16:57:50,55700,155,0.000,164,0.0000,151,153,151
16:57:50,55750,166,0.000,175,0.0000,151,153,151
16:57:50,55800,225,2.383,238,0.0396,151,153,151
16:57:50,55851,160,0.000,169,0.0000,151,153,151
16:57:50,55900,160,0.000,166,0.0000,151,153,151
16:57:50,55950,227,2.626,38,0.0000,151,153,151
16:57:50,56000,155,0.000,236,0.0372,151,153,151
16:57:50,56050,164,0.000,171,0.0000,151,153,151
16:57:50,56100,225,2.383,236,0.0372,151,153,151
16:57:50,56150,228,2.748,237,0.0384,151,153,151
16:57:50,56200,159,0.000,163,0.0000,151,153,151
16:57:50,56250,170,0.000,174,0.0000,151,153,151
16:57:50,56300,226,2.504,236,0.0372,151,153,151
16:57:50,56350,163,0.000,170,0.0000,151,153,151
16:57:51,56400,224,2.261,237,0.0384,151,153,151
16:57:51,56450,226,2.504,236,0.0372,151,153,151
16:57:51,56500,156,0.000,161,0.0000,151,153,151
16:57:51,56550,167,0.000,173,0.0000,151,153,151
16:57:51,56600,226,2.504,236,0.0372,151,153,151
16:57:51,56650,161,0.000,166,0.0000,151,153,151
16:57:51,56700,226,2.504,235,0.0360,151,153,151
16:57:51,56750,226,2.504,176,0.0000,151,153,151
16:57:51,56800,155,0.000,236,0.0372,151,153,151
16:57:51,56850,165,0.000,169,0.0000,151,153,151
16:57:51,56900,226,2.504,236,0.0372,152,154,152
16:57:51,56950,158,0.000,165,0.0000,152,154,152
16:57:51,57000,226,2.504,174,0.0000,152,154,152
16:57:51,57050,163,0.000,170,0.0000,152,154,152
16:57:51,57100,225,2.383,234,0.0348,152,154,152
16:57:51,57150,160,0.000,166,0.0000,152,154,152
16:57:51,57200,224,2.261,235,0.0360,152,154,152
16:57:51,57250,154,0.000,161,0.0000,152,154,152
16:57:51,57300,164,0.000,170,0.0000,152,154,152
16:57:51,57350,160,0.000,169,0.0000,152,154,152
16:57:52,57400,221,1.896,233,0.0336,152,154,152
16:57:52,57450,153,0.000,163,0.0000,152,154,152
16:57:52,57500,222,2.018,233,0.0336,152,154,152
16:57:52,57550,153,0.000,160,0.0000,152,154,152
16:57:52,57600,220,1.774,233,0.0336,152,154,152
16:57:52,57650,157,0.000,164,0.0000,152,154,152
16:57:52,57700,219,1.652,232,0.0323,152,154,152
16:57:52,57750,152,0.000,162,0.0000,152,154,152
16:57:52,57800,165,0.000,171,0.0000,152,154,152
16:57:52,57850,150,0.000,231,0.0311,152,154,152
16:57:52,57900,219,1.652,233,0.0336,152,154,152
16:57:52,57950,154,0.000,163,0.0000,152,154,152
16:57:52,58000,218,1.531,231,0.0311,152,154,152
16:57:52,58050,148,0.000,159,0.0000,152,154,152
16:57:52,58100,158,0.000,167,0.0000,152,154,152
16:57:52,58150,219,1.652,233,0.0336,152,154,152
16:57:52,58200,218,1.531,233,0.0336,152,154,152
16:57:52,58250,150,0.000,161,0.0000,152,154,152
16:57:52,58300,218,1.531,173,0.0000,152,154,152
16:57:52,58350,145,0.000,231,0.0311,152,154,152
16:57:53,58400,154,0.000,166,0.0000,153,155,153
16:57:53,58450,217,1.409,232,0.0323,153,155,153
16:57:53,58500,220,1.774,234,0.0348,153,155,153
16:57:53,58550,148,0.000,160,0.0000,153,155,153
16:57:53,58600,158,0.000,169,0.0000,153,155,153
16:57:53,58650,218,1.531,234,0.0348,153,155,153
16:57:53,58700,153,0.000,164,0.0000,153,155,153
16:57:53,58750,218,1.531,236,0.0372,153,155,153
16:57:53,58800,221,1.896,234,0.0348,153,155,153
16:57:53,58850,149,0.000,159,0.0000,153,155,153
16:57:53,58900,156,0.000,168,0.0000,153,155,153
16:57:53,58950,219,1.652,236,0.0372,153,155,153
16:57:53,59000,152,0.000,163,0.0000,153,155,153
16:57:53,59051,220,1.774,235,0.0360,153,155,153
16:57:53,59100,201,0.000,171,0.0000,153,155,153
16:57:53,59150,146,0.000,235,0.0360,153,155,153
16:57:53,59200,155,0.000,164,0.0000,153,155,153
16:57:53,59250,219,1.652,235,0.0360,153,155,153
16:57:53,59300,150,0.000,162,0.0000,153,155,153
16:57:53,59350,150,0.000,160,0.0000,153,155,153
16:57:54,59400,165,0.000,174,0.0000,153,155,153
16:57:54,59450,221,1.896,235,0.0360,153,155,153
16:57:54,59500,161,0.000,171,0.0000,153,155,153
16:57:54,59550,222,2.018,237,0.0384,153,155,153
16:57:54,59600,155,0.000,169,0.0000,153,155,153
16:57:54,59650,156,0.000,166,0.0000,153,155,153
16:57:54,59700,165,0.000,174,0.0000,153,155,153
16:57:54,59750,221,1.896,238,0.0396,153,155,153
16:57:54,59800,160,0.000,171,0.0000,153,155,153
16:57:54,59850,222,2.018,236,0.0372,153,155,153
16:57:54,59900,156,0.000,235,0.0360,154,156,154
16:57:54,59950,218,1.531,238,0.0396,154,156,154
16:57:54,60000,163,0.000,173,0.0000,154,156,154
16:57:54,60050,222,2.018,238,0.0396,154,156,154
16:57:54,60100,160,0.000,171,0.0000,154,156,154
16:57:54,60150,232,3.235,181,0.0000,154,156,154
16:57:54,60200,221,1.896,239,0.0409,154,156,154
16:57:54,60250,222,2.018,238,0.0396,154,156,154
16:57:54,60300,161,0.000,173,0.0000,154,156,154
16:57:54,60350,224,2.261,240,0.0421,154,156,154
16:57:55,60400,158,0.000,170,0.0000,154,156,154
16:57:55,60450,168,0.000,180,0.0000,154,156,154
16:57:55,60500,224,2.261,238,0.0396,154,156,154
16:57:55,60550,222,2.018,239,0.0409,154,156,154
16:57:55,60600,160,0.000,172,0.0000,154,156,154
16:57:55,60650,222,2.018,193,0.0000,154,156,154
16:57:55,60700,158,0.000,238,0.0396,154,156,154
16:57:55,60750,166,0.000,178,0.0000,154,156,154
16:57:55,60800,161,0.000,173,0.0000,154,156,154
16:57:55,60850,222,2.018,238,0.0396,154,156,154
16:57:55,60900,156,0.000,169,0.0000,154,156,154
16:57:55,60950,166,0.000,179,0.0000,154,156,154
16:57:55,61000,221,1.896,239,0.0409,154,156,154
16:57:55,61050,159,0.000,169,0.0000,154,156,154
16:57:55,61100,157,0.000,169,0.0000,154,156,154
16:57:55,61150,221,1.896,238,0.0396,154,156,154
16:57:55,61200,146,0.000,159,0.0000,154,156,154
16:57:55,61250,157,0.000,169,0.0000,154,156,154
16:57:55,61300,221,1.896,239,0.0409,154,156,154
16:57:55,61350,157,0.000,169,0.0000,154,156,154
16:57:56,61400,158,0.000,171,0.0000,155,157,155
16:57:56,61450,221,1.896,181,0.0000,155,157,155
16:57:56,61500,157,0.000,241,0.0433,155,157,155
16:57:56,61550,166,0.000,179,0.0000,155,157,155
16:57:56,61600,225,2.383,240,0.0421,155,157,155
16:57:56,61650,164,0.000,176,0.0000,155,157,155
16:57:56,61700,163,0.000,175,0.0000,155,157,155
16:57:56,61750,173,0.000,182,0.0000,155,157,155
16:57:56,61800,226,2.504,241,0.0433,155,157,155
16:57:56,61850,166,0.000,180,0.0000,155,157,155
16:57:56,61900,226,2.504,243,0.0457,155,157,155
16:57:56,61950,162,0.000,174,0.0000,155,157,155
16:57:56,62000,162,0.000,209,0.0044,155,157,155
16:57:56,62050,171,0.000,182,0.0000,155,157,155
16:57:56,62100,227,2.626,243,0.0457,155,157,155
16:57:56,62150,163,0.000,176,0.0000,155,157,155
16:57:56,62200,224,2.261,242,0.0445,155,157,155
16:57:56,62251,160,0.000,173,0.0000,155,157,155
16:57:56,62300,226,2.504,242,0.0445,155,157,155
16:57:56,62350,167,0.000,178,0.0000,155,157,155
16:57:57,62400,226,2.504,241,0.0433,155,157,155
16:57:57,62450,162,0.000,176,0.0000,155,157,155
16:57:57,62500,169,0.000,182,0.0000,155,157,155
16:57:57,62550,170,0.000,180,0.0000,155,157,155
16:57:57,62600,226,2.504,242,0.0445,155,157,155
16:57:57,62650,164,0.000,176,0.0000,155,157,155
16:57:57,62700,226,2.504,241,0.0433,155,157,155
16:57:57,62750,160,0.000,172,0.0000,155,157,155
16:57:57,62800,168,0.000,181,0.0000,155,157,155
16:57:57,62850,166,0.000,179,0.0000,155,157,155
16:57:57,62900,225,2.383,243,0.0457,156,158,156
16:57:57,62950,162,0.000,175,0.0000,156,158,156
16:57:57,63000,227,2.626,186,0.0000,156,158,156
16:57:57,63050,161,0.000,172,0.0000,156,158,156
16:57:57,63100,168,0.000,181,0.0000,156,158,156
16:57:57,63150,166,0.000,181,0.0000,156,158,156
16:57:57,63200,230,2.991,246,0.0494,156,158,156
16:57:57,63250,165,0.000,175,0.0000,156,158,156
16:57:57,63300,174,0.000,183,0.0000,156,158,156
16:57:57,63350,229,2.870,246,0.0494,156,158,156
16:57:58,63400,169,0.000,180,0.0000,156,158,156
16:57:58,63450,164,0.000,176,0.0000,156,158,156
16:57:58,63500,227,2.626,244,0.0470,156,158,156
16:57:58,63550,160,0.000,173,0.0000,156,158,156
16:57:58,63600,170,0.000,182,0.0000,156,158,156
16:57:58,63650,229,2.870,244,0.0470,156,158,156
16:57:58,63700,166,0.000,177,0.0000,156,158,156
16:57:58,63750,162,0.000,176,0.0000,156,158,156
16:57:58,63800,179,0.000,185,0.0000,156,158,156
16:57:58,63850,159,0.000,245,0.0482,156,158,156
16:57:58,63900,168,0.000,181,0.0000,156,158,156
16:57:58,63950,230,2.991,245,0.0482,156,158,156
16:57:58,64000,228,2.748,245,0.0482,156,158,156
16:57:58,64050,154,0.000,168,0.0000,156,158,156
16:57:58,64100,164,0.000,177,0.0000,156,158,156
16:57:58,64150,227,2.626,245,0.0482,156,158,156
16:57:58,64200,159,0.000,173,0.0000,156,158,156
16:57:58,64250,227,2.626,245,0.0482,156,158,156
16:57:58,64300,227,2.626,181,0.0000,156,158,156
16:57:58,64350,151,0.000,164,0.0000,156,158,156
16:57:59,64400,164,0.000,178,0.0000,157,159,157
16:57:59,64450,227,2.626,245,0.0482,157,159,157
16:57:59,64500,166,0.000,181,0.0000,157,159,157
16:57:59,64550,230,2.991,247,0.0506,157,159,157
16:57:59,64600,178,0.000,188,0.0000,157,159,157
16:57:59,64650,188,0.000,249,0.0530,157,159,157
16:57:59,64700,172,0.000,184,0.0000,157,159,157
16:57:59,64750,232,3.235,248,0.0518,157,159,157
16:57:59,64800,169,0.000,182,0.0000,157,159,157
16:57:59,64850,213,0.922,191,0.0000,157,159,157
16:57:59,64900,178,0.000,188,0.0000,157,159,157
16:57:59,64950,234,3.478,248,0.0518,157,159,157
16:57:59,65000,172,0.000,184,0.0000,157,159,157
16:57:59,65050,232,3.235,249,0.0530,157,159,157
16:57:59,65100,166,0.000,179,0.0000,157,159,157
16:57:59,65150,175,0.000,190,0.0000,157,159,157
16:57:59,65200,175,0.000,188,0.0000,157,159,157
16:57:59,65250,234,3.478,249,0.0530,157,159,157
16:57:59,65300,170,0.000,182,0.0000,157,159,157
16:57:59,65350,231,3.113,193,0.0000,157,159,157
16:58:00,65400,165,0.000,252,0.0567,157,159,157
16:58:00,65451,171,0.000,186,0.0000,157,159,157
16:58:00,65500,172,0.000,183,0.0000,157,159,157
16:58:00,65550,232,3.235,250,0.0543,157,159,157
16:58:00,65600,168,0.000,180,0.0000,157,159,157
16:58:00,65650,177,0.000,188,0.0000,157,159,157
16:58:00,65700,230,2.991,248,0.0518,157,159,157
16:58:00,65750,232,3.235,249,0.0530,157,159,157
16:58:00,65800,169,0.000,181,0.0000,157,159,157
16:58:00,65850,232,3.235,248,0.0518,157,159,157
16:58:00,65900,163,0.000,174,0.0000,158,160,158
16:58:00,65950,173,0.000,185,0.0000,158,160,158
16:58:00,66000,234,3.478,249,0.0530,158,160,158
16:58:00,66050,234,3.478,250,0.0543,158,160,158
16:58:00,66100,168,0.000,181,0.0000,158,160,158
16:58:00,66150,235,3.600,189,0.0000,158,160,158
16:58:00,66200,158,0.000,251,0.0555,158,160,158
16:58:00,66250,167,0.000,180,0.0000,158,160,158
16:58:00,66300,235,3.600,252,0.0567,158,160,158
16:58:00,66350,233,3.356,251,0.0555,158,160,158
16:58:01,66400,160,0.000,172,0.0000,158,160,158
16:58:01,66450,173,0.000,187,0.0000,158,160,158
16:58:01,66500,235,3.600,253,0.0579,158,160,158
16:58:01,66550,168,0.000,181,0.0000,158,160,158
16:58:01,66600,234,3.478,251,0.0555,158,160,158
16:58:01,66650,233,3.356,193,0.0000,158,160,158
16:58:01,66700,163,0.000,179,0.0000,158,160,158
16:58:01,66750,172,0.000,187,0.0000,158,160,158
16:58:01,66800,235,3.600,251,0.0555,158,160,158
16:58:01,66850,173,0.000,186,0.0000,158,160,158
16:58:01,66900,236,3.721,196,0.0000,158,160,158
16:58:01,66950,177,0.000,191,0.0000,158,160,158
16:58:01,67000,232,3.235,252,0.0567,158,160,158
16:58:01,67050,172,0.000,188,0.0000,158,160,158
16:58:01,67100,236,3.721,254,0.0591,158,160,158
16:58:01,67150,170,0.000,183,0.0000,158,160,158
16:58:01,67200,166,0.000,181,0.0000,158,160,158
16:58:01,67250,174,0.000,191,0.0000,158,160,158
16:58:01,67300,233,3.356,254,0.0591,158,160,158
16:58:01,67350,171,0.000,186,0.0000,158,160,158
16:58:02,67400,233,3.356,252,0.0567,159,161,159
16:58:02,67450,166,0.000,183,0.0000,159,161,159
16:58:02,67500,165,0.000,253,0.0579,159,161,159
16:58:02,67550,174,0.000,188,0.0000,159,161,159
16:58:02,67600,237,3.843,255,0.0603,159,161,159
16:58:02,67650,170,0.000,185,0.0000,159,161,159
16:58:02,67700,236,3.721,194,0.0000,159,161,159
16:58:02,67750,166,0.000,180,0.0000,159,161,159
16:58:02,67800,238,3.965,256,0.0616,159,161,159
16:58:02,67850,172,0.000,187,0.0000,159,161,159
16:58:02,67900,237,3.843,256,0.0616,159,161,159
16:58:02,67950,169,0.000,184,0.0000,159,161,159
16:58:02,68000,177,0.000,192,0.0000,159,161,159
16:58:02,68050,237,3.843,256,0.0616,159,161,159
16:58:02,68100,238,3.965,256,0.0616,159,161,159
16:58:02,68150,171,0.000,186,0.0000,159,161,159
16:58:02,68200,236,3.721,257,0.0628,159,161,159
16:58:02,68250,164,0.000,180,0.0000,159,161,159
16:58:02,68300,173,0.000,189,0.0000,159,161,159
16:58:02,68350,236,3.721,258,0.0640,159,161,159
16:58:03,68400,237,3.843,255,0.0603,159,161,159
16:58:03,68450,168,0.000,182,0.0000,159,161,159
16:58:03,68500,180,0.000,192,0.0000,159,161,159
16:58:03,68550,161,0.000,256,0.0616,159,161,159
16:58:03,68600,170,0.000,187,0.0000,159,161,159
16:58:03,68651,235,3.600,256,0.0616,159,161,159
16:58:03,68700,237,3.843,256,0.0616,159,161,159
16:58:03,68750,165,0.000,181,0.0000,159,161,159
16:58:03,68800,174,0.000,189,0.0000,159,161,159
16:58:03,68850,237,3.843,255,0.0603,159,161,159
16:58:03,68900,167,0.000,184,0.0000,160,162,160
16:58:03,68950,168,0.000,183,0.0000,160,162,160
16:58:03,69000,238,3.965,192,0.0000,160,162,160
16:58:03,69050,166,0.000,181,0.0000,160,162,160
16:58:03,69100,175,0.000,190,0.0000,160,162,160
16:58:03,69150,239,4.087,258,0.0640,160,162,160
16:58:03,69200,171,0.000,184,0.0000,160,162,160
16:58:03,69250,168,0.000,184,0.0000,160,162,160
16:58:03,69300,179,0.000,194,0.0000,160,162,160
16:58:03,69350,167,0.000,259,0.0652,160,162,160
16:58:04,69400,174,0.000,187,0.0000,160,162,160
16:58:04,69450,239,4.087,259,0.0652,160,162,160
16:58:04,69500,169,0.000,185,0.0000,160,162,160
16:58:04,69550,165,0.000,182,0.0000,160,162,160
16:58:04,69600,175,0.000,191,0.0000,160,162,160
16:58:04,69650,240,4.208,261,0.0676,160,162,160
16:58:04,69700,171,0.000,187,0.0000,160,162,160
16:58:04,69750,240,4.208,259,0.0652,160,162,160
16:58:04,69800,166,0.000,182,0.0000,160,162,160
16:58:04,69850,162,0.000,258,0.0640,160,162,160
16:58:04,69900,171,0.000,189,0.0000,160,162,160
16:58:04,69950,237,3.843,258,0.0640,160,162,160
16:58:04,70000,168,0.000,184,0.0000,160,162,160
16:58:04,70050,239,4.087,196,0.0000,160,162,160
16:58:04,70100,165,0.000,257,0.0628,160,162,160
16:58:04,70150,237,3.843,258,0.0640,160,162,160
16:58:04,70200,168,0.000,186,0.0000,160,162,160
16:58:04,70250,237,3.843,260,0.0664,160,162,160
16:58:04,70300,166,0.000,181,0.0000,160,162,160
16:58:04,70350,178,0.000,193,0.0000,160,162,160
16:58:05,70400,171,0.000,189,0.0000,161,163,161
16:58:05,70450,237,3.843,259,0.0652,161,163,161
16:58:05,70500,167,0.000,185,0.0000,161,163,161
16:58:05,70550,239,4.087,261,0.0676,161,163,161
16:58:05,70600,164,0.000,183,0.0000,161,163,161
16:58:05,70650,174,0.000,192,0.0000,161,163,161
16:58:05,70700,170,0.000,189,0.0000,161,163,161
16:58:05,70750,239,4.087,263,0.0701,161,163,161
16:58:05,70800,166,0.000,184,0.0000,161,163,161
16:58:05,70850,240,4.208,196,0.0000,161,163,161
16:58:05,70900,165,0.000,262,0.0689,161,163,161
16:58:05,70950,171,0.000,189,0.0000,161,163,161
16:58:05,71000,169,0.000,187,0.0000,161,163,161
16:58:05,71050,239,4.087,262,0.0689,161,163,161
16:58:05,71100,162,0.000,181,0.0000,161,163,161
16:58:05,71150,171,0.000,192,0.0000,161,163,161
16:58:05,71200,239,4.087,264,0.0713,161,163,161
16:58:05,71250,173,0.000,192,0.0000,161,163,161
16:58:05,71300,170,0.000,185,0.0000,161,163,161
16:58:05,71350,241,4.330,198,0.0000,161,163,161
16:58:06,71400,167,0.000,188,0.0000,161,163,161
16:58:06,71450,178,0.000,198,0.0000,161,163,161
16:58:06,71500,238,3.965,262,0.0689,161,163,161
16:58:06,71550,173,0.000,194,0.0000,161,163,161
16:58:06,71600,175,0.000,193,0.0000,161,163,161
16:58:06,71650,185,0.000,201,0.0000,161,163,161
16:58:06,71700,240,4.208,263,0.0701,161,163,161
16:58:06,71750,176,0.000,198,0.0000,161,163,161
16:58:06,71800,240,4.208,264,0.0713,161,163,161
16:58:06,71851,173,0.000,193,0.0000,161,163,161
16:58:06,71900,173,0.000,190,0.0000,162,164,162
16:58:06,71950,177,0.000,198,0.0000,162,164,162
16:58:06,72000,242,4.452,265,0.0725,162,164,162
16:58:06,72050,173,0.000,191,0.0000,162,164,162
16:58:06,72100,240,4.208,265,0.0725,162,164,162
16:58:06,72150,242,4.452,196,0.0000,162,164,162
16:58:06,72200,162,0.000,265,0.0725,162,164,162
16:58:06,72250,170,0.000,190,0.0000,162,164,162
16:58:06,72300,242,4.452,266,0.0737,162,164,162
16:58:06,72350,164,0.000,184,0.0000,162,164,162
16:58:07,72400,242,4.452,198,0.0000,162,164,162
16:58:07,72450,180,0.000,199,0.0000,162,164,162
16:58:07,72500,242,4.452,267,0.0749,162,164,162
16:58:07,72550,176,0.000,195,0.0000,162,164,162
16:58:07,72600,243,4.573,266,0.0737,162,164,162
16:58:07,72650,172,0.000,192,0.0000,162,164,162
16:58:07,72700,181,0.000,202,0.0000,162,164,162
16:58:07,72750,178,0.000,199,0.0000,162,164,162
16:58:07,72800,243,4.573,266,0.0737,162,164,162
16:58:07,72850,179,0.000,198,0.0000,162,164,162
16:58:07,72900,242,4.452,234,0.0348,162,164,162
16:58:07,72950,173,0.000,194,0.0000,162,164,162
16:58:07,73000,180,0.000,199,0.0000,162,164,162
16:58:07,73050,175,0.000,197,0.0000,162,164,162
16:58:07,73100,241,4.330,267,0.0749,162,164,162
16:58:07,73150,174,0.000,194,0.0000,162,164,162
16:58:07,73200,185,0.000,203,0.0000,162,164,162
16:58:07,73250,171,0.000,269,0.0774,162,164,162
16:58:07,73300,178,0.000,200,0.0000,162,164,162
16:58:07,73350,176,0.000,198,0.0000,162,164,162
16:58:08,73400,241,4.330,267,0.0749,163,165,163
16:58:08,73450,174,0.000,197,0.0000,163,165,163
16:58:08,73500,185,0.000,204,0.0000,163,165,163
16:58:08,73550,244,4.695,269,0.0774,163,165,163
16:58:08,73600,243,4.573,271,0.0798,163,165,163
16:58:08,73650,179,0.000,200,0.0000,163,165,163
16:58:08,73700,244,4.695,210,0.0056,163,165,163
16:58:08,73750,176,0.000,198,0.0000,163,165,163
16:58:08,73800,183,0.000,207,0.0019,163,165,163
16:58:08,73850,246,4.938,271,0.0798,163,165,163
16:58:08,73900,244,4.695,270,0.0786,163,165,163
16:58:08,73950,173,0.000,196,0.0000,163,165,163
16:58:08,74000,181,0.000,204,0.0000,163,165,163
16:58:08,74050,167,0.000,270,0.0786,163,165,163
16:58:08,74100,174,0.000,196,0.0000,163,165,163
16:58:08,74150,242,4.452,271,0.0798,163,165,163
16:58:08,74200,242,4.452,271,0.0798,163,165,163
16:58:08,74250,166,0.000,189,0.0000,163,165,163
16:58:08,74300,176,0.000,199,0.0000,163,165,163
16:58:08,74350,242,4.452,271,0.0798,163,165,163
16:58:09,74400,176,0.000,202,0.0000,163,165,163
16:58:09,74450,242,4.452,270,0.0786,163,165,163
16:58:09,74500,186,0.000,209,0.0044,163,165,163
16:58:09,74550,172,0.000,238,0.0396,163,165,163
16:58:09,74600,180,0.000,206,0.0007,163,165,163
16:58:09,74650,242,4.452,271,0.0798,163,165,163
16:58:09,74700,176,0.000,201,0.0000,163,165,163
16:58:09,74750,241,4.330,211,0.0068,163,165,163
16:58:09,74800,185,0.000,208,0.0031,163,165,163
16:58:09,74850,242,4.452,270,0.0786,163,165,163
16:58:09,74900,176,0.000,201,0.0000,164,166,164
16:58:09,74950,241,4.330,273,0.0822,164,166,164
16:58:09,75000,173,0.000,200,0.0000,164,166,164
16:58:09,75051,181,0.000,206,0.0007,164,166,164
16:58:09,75100,180,0.000,204,0.0000,164,166,164
16:58:09,75150,245,4.817,274,0.0835,164,166,164
16:58:09,75200,175,0.000,198,0.0000,164,166,164
16:58:09,75250,244,4.695,273,0.0822,164,166,164
16:58:09,75300,168,0.000,194,0.0000,164,166,164
16:58:09,75350,169,0.000,274,0.0835,164,166,164
16:58:10,75400,176,0.000,201,0.0000,164,166,164
16:58:10,75450,245,4.817,274,0.0835,164,166,164
16:58:10,75500,172,0.000,197,0.0000,164,166,164
16:58:10,75550,226,2.504,206,0.0007,164,166,164
16:58:10,75600,164,0.000,274,0.0835,164,166,164
16:58:10,75650,245,4.817,274,0.0835,164,166,164
16:58:10,75700,180,0.000,205,0.0000,164,166,164
16:58:10,75750,246,4.938,275,0.0847,164,166,164
16:58:10,75800,178,0.000,201,0.0000,164,166,164
16:58:10,75850,186,0.000,210,0.0056,164,166,164
16:58:10,75900,247,5.060,275,0.0847,164,166,164
16:58:10,75950,246,4.938,274,0.0835,164,166,164
16:58:10,76000,175,0.000,199,0.0000,164,166,164
16:58:10,76050,246,4.938,208,0.0031,164,166,164
16:58:10,76100,165,0.000,190,0.0000,164,166,164
16:58:10,76150,172,0.000,197,0.0000,164,166,164
16:58:10,76200,245,4.817,274,0.0835,164,166,164
16:58:10,76250,242,4.452,275,0.0847,164,166,164
16:58:10,76300,171,0.000,197,0.0000,164,166,164
16:58:10,76350,186,0.000,210,0.0056,164,166,164
16:58:11,76400,244,4.695,275,0.0847,165,167,165
16:58:11,76450,181,0.000,208,0.0031,165,167,165
16:58:11,76500,246,4.938,277,0.0871,165,167,165
16:58:11,76550,244,4.695,276,0.0859,165,167,165
16:58:11,76600,175,0.000,202,0.0000,165,167,165
16:58:11,76650,185,0.000,212,0.0080,165,167,165
16:58:11,76700,247,5.060,278,0.0883,165,167,165
16:58:11,76750,184,0.000,208,0.0031,165,167,165
16:58:11,76800,179,0.000,207,0.0019,165,167,165
16:58:11,76850,245,4.817,218,0.0153,165,167,165
16:58:11,76900,175,0.000,279,0.0895,165,167,165
16:58:11,76950,184,0.000,212,0.0080,165,167,165
16:58:11,77000,247,5.060,279,0.0895,165,167,165
16:58:11,77050,181,0.000,209,0.0044,165,167,165
16:58:11,77100,177,0.000,206,0.0007,165,167,165
16:58:11,77150,186,0.000,215,0.0117,165,167,165
16:58:11,77200,244,4.695,279,0.0895,165,167,165
16:58:11,77250,180,0.000,211,0.0068,165,167,165
16:58:11,77300,245,4.817,279,0.0895,165,167,165
16:58:11,77350,178,0.000,207,0.0019,165,167,165
16:58:12,77400,175,0.000,206,0.0007,165,167,165
16:58:12,77450,183,0.000,213,0.0092,165,167,165
16:58:12,77500,245,4.817,279,0.0895,165,167,165
16:58:12,77550,179,0.000,210,0.0056,165,167,165
16:58:12,77600,246,4.938,87,0.0000,165,167,165
16:58:12,77650,175,0.000,205,0.0000,165,167,165
16:58:12,77700,174,0.000,279,0.0895,165,167,165
16:58:12,77750,182,0.000,213,0.0092,165,167,165
16:58:12,77800,244,4.695,281,0.0920,165,167,165
16:58:12,77850,177,0.000,207,0.0019,165,167,165
16:58:12,77900,185,0.000,216,0.0129,166,168,166
16:58:12,77950,174,0.000,279,0.0895,166,168,166
16:58:12,78000,247,5.060,282,0.0932,166,168,166
16:58:12,78050,181,0.000,211,0.0068,166,168,166
16:58:12,78100,246,4.938,282,0.0932,166,168,166
16:58:12,78150,178,0.000,210,0.0056,166,168,166
16:58:12,78200,186,0.000,217,0.0141,166,168,166
16:58:12,78251,247,5.060,282,0.0932,166,168,166
16:58:12,78300,249,5.304,283,0.0944,166,168,166
16:58:12,78350,176,0.000,207,0.0019,166,168,166
16:58:13,78400,246,4.938,215,0.0117,166,168,166
16:58:13,78450,169,0.000,200,0.0000,166,168,166
16:58:13,78500,176,0.000,208,0.0031,166,168,166
16:58:13,78550,176,0.000,207,0.0019,166,168,166
16:58:13,78600,248,5.182,283,0.0944,166,168,166
16:58:13,78650,172,0.000,202,0.0000,166,168,166
16:58:13,78700,181,0.000,210,0.0056,166,168,166
16:58:13,78750,168,0.000,283,0.0944,166,168,166
16:58:13,78800,175,0.000,209,0.0044,166,168,166
16:58:13,78850,181,0.000,210,0.0056,166,168,166
16:58:13,78900,248,5.182,281,0.0920,166,168,166
16:58:13,78950,179,0.000,210,0.0056,166,168,166
16:58:13,79000,185,0.000,217,0.0141,166,168,166
16:58:13,79050,248,5.182,283,0.0944,166,168,166
16:58:13,79100,183,0.000,213,0.0092,166,168,166
16:58:13,79150,182,0.000,214,0.0104,166,168,166
16:58:13,79200,191,0.000,220,0.0177,166,168,166
16:58:13,79250,178,0.000,209,0.0044,166,168,166
16:58:13,79300,186,0.000,216,0.0129,166,168,166
16:58:13,79350,248,5.182,284,0.0956,166,168,166
16:58:14,79400,182,0.000,214,0.0104,167,169,167
16:58:14,79450,178,0.000,211,0.0068,167,169,167
16:58:14,79500,190,0.000,221,0.0190,167,169,167
16:58:14,79550,250,5.425,287,0.0993,167,169,167
16:58:14,79600,186,0.000,218,0.0153,167,169,167
16:58:14,79650,250,5.425,286,0.0981,167,169,167
16:58:14,79700,183,0.000,214,0.0104,167,169,167
16:58:14,79750,180,0.000,214,0.0104,167,169,167
16:58:14,79800,186,0.000,221,0.0190,167,169,167
16:58:14,79850,250,5.425,286,0.0981,167,169,167
16:58:14,79900,185,0.000,217,0.0141,167,169,167
16:58:14,79950,250,5.425,288,0.1005,167,169,167
16:58:14,80000,189,0.000,223,0.0214,167,169,167
16:58:14,80050,177,0.000,287,0.0993,167,169,167
16:58:14,80100,184,0.000,219,0.0165,167,169,167
16:58:14,80150,246,4.938,288,0.1005,167,169,167
16:58:14,80200,183,0.000,217,0.0141,167,169,167
16:58:14,80250,194,0.000,225,0.0238,167,169,167
16:58:14,80300,188,0.000,223,0.0214,167,169,167
16:58:14,80350,248,5.182,288,0.1005,167,169,167
16:58:15,80400,183,0.000,220,0.0177,167,169,167
16:58:15,80450,246,4.938,287,0.0993,167,169,167
16:58:15,80500,180,0.000,216,0.0129,167,169,167
16:58:15,80550,190,0.000,223,0.0214,167,169,167
16:58:15,80600,184,0.000,221,0.0190,167,169,167
16:58:15,80650,246,4.938,288,0.1005,167,169,167
16:58:15,80700,181,0.000,219,0.0165,167,169,167
16:58:15,80750,246,4.938,227,0.0263,167,169,167
16:58:15,80800,178,0.000,215,0.0117,167,169,167
16:58:15,80850,185,0.000,222,0.0202,167,169,167
16:58:15,80900,183,0.000,219,0.0165,168,170,168
16:58:15,80950,247,5.060,288,0.1005,168,170,168
16:58:15,81000,177,0.000,215,0.0117,168,170,168
16:58:15,81050,188,0.000,225,0.0238,168,170,168
16:58:15,81100,177,0.000,291,0.1041,168,170,168
16:58:15,81150,182,0.000,219,0.0165,168,170,168
16:58:15,81200,178,0.000,213,0.0092,168,170,168
16:58:15,81250,251,5.547,291,0.1041,168,170,168
16:58:15,81300,168,0.000,207,0.0019,168,170,168
16:58:15,81350,177,0.000,213,0.0092,168,170,168
16:58:16,81400,248,5.182,290,0.1029,168,170,168
16:58:16,81451,179,0.000,218,0.0153,168,170,168
16:58:16,81500,181,0.000,219,0.0165,168,170,168
16:58:16,81550,234,3.478,226,0.0250,168,170,168
16:58:16,81600,178,0.000,289,0.1017,168,170,168
16:58:16,81650,185,0.000,224,0.0226,168,170,168
16:58:16,81700,248,5.182,292,0.1054,168,170,168
16:58:16,81750,250,5.425,292,0.1054,168,170,168
16:58:16,81800,181,0.000,218,0.0153,168,170,168
16:58:16,81850,190,0.000,227,0.0263,168,170,168
16:58:16,81900,250,5.425,292,0.1054,168,170,168
16:58:16,81950,186,0.000,222,0.0202,168,170,168
16:58:16,82000,248,5.182,292,0.1054,168,170,168
16:58:16,82050,250,5.425,218,0.0153,168,170,168
16:58:16,82100,175,0.000,212,0.0080,168,170,168
16:58:16,82150,179,0.000,217,0.0141,168,170,168
16:58:16,82200,249,5.304,291,0.1041,168,170,168
16:58:16,82250,179,0.000,217,0.0141,168,170,168
16:58:16,82300,249,5.304,219,0.0165,168,170,168
16:58:16,82350,180,0.000,216,0.0129,168,170,168
16:58:17,82400,248,5.182,291,0.1041,0,0,0
16:58:17,82450,248,5.182,285,0.0968,0,0,0
16:58:17,82500,242,4.452,280,0.0908,0,0,0
16:58:17,82550,239,4.087,275,0.0847,0,0,0
16:58:17,82600,236,3.721,270,0.0786,0,0,0
16:58:17,82650,231,3.113,267,0.0749,0,0,0
16:58:17,82700,230,2.991,263,0.0701,0,0,0
16:58:17,82750,228,2.748,258,0.0640,0,0,0
16:58:17,82800,227,2.626,254,0.0591,0,0,0
16:58:17,82850,224,2.261,251,0.0555,0,0,0
16:58:17,82900,222,2.018,248,0.0518,0,0,0
16:58:17,82950,220,1.774,245,0.0482,0,0,0
16:58:17,83000,217,1.409,242,0.0445,0,0,0
16:58:17,83050,216,1.287,239,0.0409,0,0,0
16:58:17,83100,218,1.531,238,0.0396,0,0,0
16:58:17,83150,216,1.287,235,0.0360,0,0,0
16:58:17,83200,213,0.922,233,0.0336,0,0,0
16:58:17,83250,213,0.922,232,0.0323,0,0,0
16:58:17,83300,212,0.801,230,0.0299,0,0,0
16:58:17,83350,212,0.801,228,0.0275,0,0,0
16:58:18,83400,210,0.557,227,0.0263,0,0,0
16:58:18,83450,213,0.922,226,0.0250,0,0,0
16:58:18,83500,210,0.557,226,0.0250,0,0,0
16:58:18,83550,210,0.557,224,0.0226,0,0,0
16:58:18,83600,209,0.435,224,0.0226,0,0,0
16:58:18,83650,209,0.435,224,0.0226,0,0,0
16:58:18,83700,209,0.435,224,0.0226,0,0,0
16:58:18,83750,209,0.435,223,0.0214,0,0,0
16:58:18,83800,208,0.314,223,0.0214,0,0,0
16:58:18,83850,208,0.314,225,0.0238,0,0,0
16:58:18,83900,209,0.435,224,0.0226,0,0,0
16:58:18,83950,208,0.314,222,0.0202,0,0,0
16:58:18,84000,208,0.314,223,0.0214,0,0,0
16:58:18,84050,207,0.192,223,0.0214,0,0,0
16:58:18,84100,210,0.557,223,0.0214,0,0,0
16:58:18,84150,209,0.435,223,0.0214,0,0,0
16:58:18,84200,207,0.192,223,0.0214,0,0,0
16:58:18,84250,207,0.192,224,0.0226,0,0,0
16:58:18,84300,207,0.192,224,0.0226,0,0,0
16:58:18,84350,207,0.192,223,0.0214,0,0,0
16:58:19,84400,209,0.435,223,0.0214,0,0,0
16:58:19,84450,209,0.435,224,0.0226,0,0,0
16:58:19,84500,209,0.435,224,0.0226,0,0,0
16:58:19,84550,206,0.070,223,0.0214,0,0,0
16:58:19,84600,206,0.070,222,0.0202,0,0,0
16:58:19,84651,207,0.192,223,0.0214,0,0,0
16:58:19,84700,208,0.314,224,0.0226,0,0,0
16:58:19,84750,208,0.314,222,0.0202,0,0,0
16:58:19,84800,210,0.557,222,0.0202,0,0,0
16:58:19,84850,208,0.314,224,0.0226,0,0,0
16:58:19,84900,206,0.070,223,0.0214,0,0,0
16:58:19,84950,208,0.314,222,0.0202,0,0,0
16:58:19,85000,209,0.435,223,0.0214,0,0,0
16:58:19,85050,208,0.314,224,0.0226,0,0,0
16:58:19,85100,208,0.314,224,0.0226,0,0,0
16:58:19,85150,209,0.435,223,0.0214,0,0,0
16:58:19,85200,209,0.435,223,0.0214,0,0,0
16:58:19,85250,207,0.192,224,0.0226,0,0,0
16:58:19,85300,208,0.314,224,0.0226,0,0,0
16:58:19,85350,208,0.314,223,0.0214,0,0,0
16:58:20,85400,208,0.314,222,0.0202,0,0,0
16:58:20,85450,208,0.314,224,0.0226,0,0,0
16:58:20,85500,208,0.314,223,0.0214,0,0,0
16:58:20,85550,207,0.192,222,0.0202,0,0,0
16:58:20,85600,206,0.070,223,0.0214,0,0,0
16:58:20,85650,208,0.314,224,0.0226,0,0,0
16:58:20,85700,209,0.435,223,0.0214,0,0,0
16:58:20,85750,208,0.314,223,0.0214,0,0,0
16:58:20,85800,208,0.314,223,0.0214,0,0,0
16:58:20,85850,206,0.070,223,0.0214,0,0,0
16:58:20,85900,206,0.070,223,0.0214,0,0,0
16:58:20,85950,206,0.070,223,0.0214,0,0,0
16:58:20,86000,207,0.192,223,0.0214,0,0,0
16:58:20,86050,208,0.314,224,0.0226,0,0,0
16:58:20,86100,208,0.314,224,0.0226,0,0,0
16:58:20,86150,206,0.070,222,0.0202,0,0,0
16:58:20,86200,206,0.070,223,0.0214,0,0,0
16:58:20,86250,206,0.070,224,0.0226,0,0,0
16:58:20,86300,207,0.192,224,0.0226,0,0,0
16:58:20,86350,208,0.314,223,0.0214,0,0,0
16:58:21,86400,206,0.070,223,0.0214,0,0,0
